Size 889 
 0.0000000e+00 0.0000000e+00 2.5866972e-05
 2.2528916e-04 2.2585744e-04-2.0609709e-04
-7.0937668e-06 1.1126686e-06 0.0000000e+00
 0.0000000e+00 0.0000000e+00 0.0000000e+00
 0.0000000e+00 0.0000000e+00 0.0000000e+00
 0.0000000e+00 0.0000000e+00 0.0000000e+00
 0.0000000e+00 0.0000000e+00 0.0000000e+00
 0.0000000e+00 0.0000000e+00 0.0000000e+00
 0.0000000e+00 0.0000000e+00 0.0000000e+00
 0.0000000e+00 0.0000000e+00 1.4617274e-06
 3.1674353e-06 5.3979024e-06 8.9735935e-06
 1.5434586e-05 4.0621804e-05 5.3489358e-05
 6.5325855e-05 7.6207476e-05 8.6311910e-05
 9.5475625e-05 1.0400092e-04 1.1182004e-04
 1.1887493e-04 1.2783677e-04 1.3533946e-04
 1.4331114e-04 1.5004563e-04 1.5597910e-04
 1.6150536e-04 1.6684419e-04 1.7160180e-04
 1.7587397e-04 1.7991567e-04 1.8358017e-04
 1.8689570e-04 1.8993447e-04 1.9269211e-04
 1.9528648e-04 1.9813092e-04 2.0047514e-04
 2.0273952e-04 2.0480879e-04 2.0661486e-04
 2.0828483e-04 2.0977826e-04 2.1121922e-04
 2.1251809e-04 2.1376766e-04 2.1490943e-04
 2.1595075e-04 2.1690753e-04 2.1776909e-04
 2.1855570e-04 2.1927127e-04 2.1991952e-04
 2.2050393e-04 2.2101579e-04 2.2151724e-04
 2.2197310e-04 2.2238490e-04 2.2274966e-04
 2.2307426e-04 2.2338708e-04 2.2366679e-04
 2.2391926e-04 2.2414520e-04 2.2434877e-04
 2.2452987e-04 2.2469102e-04 2.2483779e-04
 2.2497090e-04 2.2508851e-04 2.2519436e-04
 2.2537190e-04 2.2544040e-04 2.2549999e-04
 2.2555497e-04 2.2560170e-04 2.2564205e-04
 2.2567757e-04 2.2570837e-04 2.2573478e-04
 2.2575722e-04 2.2577607e-04 2.2579192e-04
 2.2580532e-04 2.2581636e-04 2.2582543e-04
 2.2583276e-04 2.2583858e-04 2.2584311e-04
 2.2584656e-04 2.2584915e-04 2.2585103e-04
 2.2585236e-04 2.2585329e-04 2.2585397e-04
 2.2585452e-04 2.2585516e-04 2.2585601e-04
 1.9500018e-04 1.6414467e-04 1.3328978e-04
 1.0243531e-04 7.1581112e-05 4.0727233e-05
 9.8734013e-06-2.0980276e-05-5.1833957e-05
-8.2687615e-05-1.1354128e-04-1.4439476e-04
-1.7524756e-04-2.0610016e-04-2.0610186e-04
-2.0610310e-04-2.0610391e-04-2.0610429e-04
-2.0610418e-04-2.0610348e-04-2.0610212e-04
-2.0609998e-04-2.0609690e-04-2.0609267e-04
-2.0608717e-04-2.0608015e-04-2.0607135e-04
-2.0606044e-04-2.0604713e-04-2.0603112e-04
-2.0601188e-04-2.0598894e-04-2.0596238e-04
-2.0593127e-04-2.0589527e-04-2.0585360e-04
-2.0580553e-04-2.0575020e-04-2.0568649e-04
-2.0561400e-04-2.0553201e-04-2.0543882e-04
-2.0533328e-04-2.0521385e-04-2.0507964e-04
-2.0492980e-04-2.0476139e-04-2.0457388e-04
-2.0436523e-04-2.0413319e-04-2.0387598e-04
-2.0359104e-04-2.0327611e-04-2.0292514e-04
-2.0253707e-04-2.0210621e-04-2.0163958e-04
-2.0112378e-04-2.0055956e-04-1.9994133e-04
-1.9925924e-04-1.9850591e-04-1.9767672e-04
-1.9677179e-04-1.9577004e-04-1.9466759e-04
-1.9348682e-04-1.9220125e-04-1.9077848e-04
-1.8929707e-04-1.8770978e-04-1.8581433e-04
-1.8382728e-04-1.8169019e-04-1.7924590e-04
-1.7663205e-04-1.7395250e-04-1.7126554e-04
-1.6816746e-04-1.6482870e-04-1.6122094e-04
-1.5729040e-04-1.5297551e-04-1.4826190e-04
-1.4318024e-04-1.3777447e-04-1.3147624e-04
-1.2464596e-04-1.1759197e-04-1.0956422e-04
-1.0034056e-04-9.2703836e-05-8.5161315e-05
-7.6842326e-05-6.7591481e-05-5.7571581e-05
-4.6478104e-05-3.4338324e-05-2.1040366e-05
-2.3320436e-06-1.7744698e-06-1.3189779e-06
-9.0879810e-07-5.1587378e-07-1.9620495e-07
 7.2045465e-08 2.8057334e-07 4.4049937e-07
 5.6339284e-07 6.5579031e-07 7.2770477e-07
 7.8587868e-07 8.3413846e-07 8.7709535e-07
 9.1557240e-07 9.5117444e-07 9.8581679e-07
 1.0184243e-06 1.0486977e-06 1.0764754e-06
 1.0987768e-06 9.3890595e-07 7.6039063e-07
 5.7689786e-07 3.8955742e-07 1.9721476e-07
 1.9287798e-04-6.9259165e-06 1.9226269e-04
-1.7628501e-04 1.9021381e-04-1.7306719e-04
 1.8744203e-04-1.6922370e-04 1.8454446e-04
-1.6646171e-04-1.6096795e-04 8.7330657e-05
-1.7632644e-04 1.7188585e-04-1.5625569e-04
 1.7205997e-04-1.4936340e-04 1.6557813e-04
-9.8298378e-05-1.4138136e-04 2.0154013e-04
 6.9148885e-07-9.6330821e-07 1.6017143e-04
-2.6965669e-06 8.0672628e-07 5.1335016e-07
 6.5256662e-08 8.8112045e-07-1.4672668e-04
-1.5072543e-04-1.5849023e-04-1.6703284e-04
 1.8196699e-04 1.7641004e-04 1.3747472e-04
 1.6998228e-04 1.6631351e-04 2.7383237e-06
 1.4559610e-04 2.5431907e-08 1.7010405e-07
 5.0590217e-07-1.3829370e-04 1.4493325e-04
-2.4474408e-07 1.3330253e-07 1.5190535e-07
-5.1939429e-07 1.3380856e-04-1.3485086e-04
 1.3601653e-04-1.3169287e-04 1.4718832e-04
-1.7637346e-04 1.3390037e-04-1.2716260e-04
 1.2868604e-04-1.2056513e-04-9.9738331e-05
-2.6718885e-07 1.8038737e-07-9.3412744e-05
-1.1501287e-04-7.5568192e-05-1.1057043e-04
 1.0925024e-04-7.7134388e-05-1.0600842e-04
 9.5532945e-07 1.0358501e-04 1.1928484e-04
-6.1888794e-05 5.6183235e-06 7.0385297e-05
 1.1317651e-04-5.1379956e-05 6.9436429e-05
-1.5932165e-04 1.9834264e-04-4.4177135e-05
 6.6196725e-05-3.7017896e-05 5.1747066e-05
-2.8268993e-05 3.2981626e-05 1.0263040e-08
 9.6020861e-06 1.1013077e-05-4.0549754e-05
 1.0742488e-05 9.6016683e-06-5.7260070e-07
-1.1039564e-06-8.6872994e-07-1.3774460e-06
-9.7923563e-07-1.6803420e-06-1.8430304e-06
-2.2567041e-06-1.5786410e-06-2.2956980e-06
-3.8440460e-06 3.2692975e-07-6.0284613e-07
-6.0634455e-07-8.4169265e-07-4.5634713e-07
-3.0889046e-07-1.4965499e-07-7.8717737e-08
-1.6632754e-07 7.6681425e-08 9.1354114e-08
 2.3950088e-07 2.0858907e-07 2.5697694e-07
-1.3339589e-06-1.4780029e-06 1.7412891e-07
 3.4003106e-07 3.3168722e-07 4.9742893e-07
 5.1146529e-07 4.8226046e-07 3.2364357e-07
 4.6695304e-07 6.3343010e-07 3.0998892e-07
 4.4739113e-07 6.0490662e-07 5.9972029e-07
 4.3122284e-07 6.5647737e-07 6.9239111e-07
 5.2995994e-07 6.7895205e-07 8.0757752e-07
 5.3371384e-07 6.7438338e-07 3.7471490e-07
 6.3460996e-07-4.5515985e-05-5.4395761e-05
 6.9790338e-05-4.3512093e-05-7.4998944e-05
 3.0304742e-05-8.4670069e-05 2.2160215e-05
 2.0457416e-05 1.5983635e-07-1.4306640e-04
-8.0058952e-05-7.7482342e-05-1.5781516e-05
-2.1324951e-05-1.3450279e-05 4.7359908e-05
 4.8265864e-05-1.1741753e-05 1.0530034e-04
 5.3716748e-05-1.0954005e-05 5.6434669e-05
-9.7298231e-06 5.9211894e-05-8.4841831e-06
 6.2028921e-05-7.2110635e-06 6.4895284e-05
-5.9137595e-06 6.8384593e-05 3.0957166e-06
 1.4250565e-04-1.4949185e-04-9.3946084e-05
-9.2609133e-05-3.7479970e-05-3.9354032e-05
-3.5817616e-05 1.9777263e-05 1.9551257e-05
-3.4791311e-05 2.1277867e-05 7.0258988e-05
 7.1630758e-05-2.7834741e-05-1.5638911e-04
-1.0719156e-04-1.0440279e-04-5.7113967e-05
-5.8896326e-05-9.6544321e-06-1.1359524e-05
-7.4606532e-06 3.7594847e-05 3.5291914e-05
-1.3134441e-05 3.3060450e-05-1.4002889e-05
 3.1145177e-05-1.6105884e-05 2.9479732e-05
-1.5953881e-05 2.7392907e-05-1.6533537e-05
 2.5507640e-05-1.7332825e-05 2.3661210e-05
-1.6192744e-05 2.2048044e-05-1.6597777e-05
 2.0277700e-05-1.8784434e-05 1.8577218e-05
-1.9564527e-05 1.5730678e-05-2.0649811e-05
 1.3769679e-05-2.1507282e-05 1.2520033e-05
-2.0458046e-05 1.1538722e-05-2.0727028e-05
 1.7018658e-05-2.2832872e-05 9.0158844e-06
-2.3803333e-05 7.5733436e-06-2.5019314e-05
 6.0943000e-06-2.5384939e-05 4.8157362e-06
 3.8413921e-05-2.6291061e-05 3.6177847e-05
 3.4953796e-05 5.0278989e-05 6.5657090e-05
 5.4823999e-05-5.6133314e-05-5.7145713e-05
 6.4435035e-05 9.5419397e-05 9.6900311e-05
-5.4180072e-05 3.2781218e-05 9.3698834e-05
 6.2852684e-05-5.8270425e-05-5.7427797e-05
-8.6584600e-05-8.7008971e-05-5.8249972e-05
-8.6044072e-05 7.9370450e-05-5.8786814e-05
 6.7466862e-05 1.2586282e-04 1.2313087e-04
-6.1341043e-05-6.3168154e-05-8.7621437e-05
-5.9140024e-05-3.0045704e-05-1.1657596e-04
 9.2926552e-05-1.1632198e-04-1.1639504e-04
-1.1602230e-04 8.2721904e-05 8.7527036e-05
 1.2055238e-04-8.5689072e-05-1.1674825e-04
-1.4674915e-04 1.4962967e-04-2.8595070e-05
-1.7746889e-06-5.6120814e-05 1.3664149e-04
-1.4592324e-04-9.6073744e-07-1.4627684e-04
 8.9534665e-05 5.9052692e-05 2.9740981e-05
 2.7499852e-05 5.7682927e-05 1.1850324e-04
 2.7491385e-06-1.4667875e-04-8.6101811e-05
-6.0347843e-05-1.0778182e-04-1.0954112e-04
-1.5730824e-04-1.1130812e-04-1.6701320e-04
-1.2867764e-04-1.3143290e-04-1.2788114e-04
-8.7670694e-05-1.6983157e-04-1.3331560e-04
-1.3486806e-04-9.7852049e-05-9.6438772e-05
-1.0374961e-04-7.9074062e-05-1.1568978e-04
-9.4872637e-05-1.3150063e-04-1.1093378e-04
-1.4337227e-04 1.6893680e-05 1.4344533e-05
-4.0858197e-05 1.1423402e-05-4.4313347e-05
 6.5843749e-05 6.2316686e-05-9.5689243e-05
-1.0077118e-04-1.5020382e-04 4.4587623e-06
 5.3297357e-05 1.1254915e-04 9.7372984e-05
 1.6307726e-04 1.1779554e-04 1.6935395e-04
 1.9020422e-04 1.5476551e-04 1.5478225e-04
 1.1904914e-04 1.5667554e-04 1.2015756e-04
 1.5461331e-04 1.1864045e-04 8.2252216e-05
 8.3696235e-05 1.9255440e-04 1.5996437e-04
 1.5978156e-04 1.2760117e-04 1.2749780e-04
 9.5916743e-05 1.2782754e-04 9.4756118e-05
 6.1124614e-05 1.5975869e-04 1.2815658e-04
 1.5989213e-04 1.9204242e-04 1.5868984e-04
 9.7258516e-05 1.2748685e-04 1.5293495e-04
 1.8445547e-04 1.4423998e-04 1.4255186e-04
 1.4338736e-04 1.7771130e-04 1.3266487e-04
 1.3222409e-04 6.8858304e-05 1.6735179e-04
 1.1498954e-04 1.0658530e-04 7.1455058e-05
 6.0472502e-05 1.0104569e-04 1.0140418e-04
 1.4496478e-04-2.0602023e-07 1.1116017e-04
 1.8989786e-06-1.7595297e-04 3.5532452e-07
 2.6489218e-05 2.9547313e-07 2.8552510e-07
 4.0392488e-07 2.5360764e-07 3.6324748e-07
 5.0610572e-07 2.3289019e-07 1.4471825e-07
 4.4936593e-07 1.9277878e-04-8.2346770e-05
 1.9175047e-04 1.8516291e-04-8.8302068e-05
-3.8591114e-06 1.7991534e-04 1.4202686e-04
-9.6412197e-05 2.5963822e-06-1.0305487e-05
-1.2928786e-05-1.0686663e-04-1.8252624e-05
-2.3364923e-05-2.6876707e-05-2.1818589e-05
-1.1719882e-04-3.3491999e-05-3.8505185e-05
-4.2802903e-05 4.0148051e-05 3.9229203e-05
 4.4323944e-05 5.2133113e-05 1.2523945e-04
-2.9038227e-05-1.3114693e-04-1.3428636e-04
 4.3522030e-05-1.5930498e-04-1.1453693e-04
-1.1602176e-04-6.8164128e-05-9.8631863e-05
-1.3711796e-04 1.8980214e-04-1.4547681e-04
-1.4017114e-04-1.6194497e-04-1.1644134e-04
-1.6870310e-04 9.6970977e-05-1.7155725e-04
 1.2054320e-04-1.1319995e-04-1.4831424e-04
 5.7219079e-05-1.2467168e-04 1.7118015e-04
 1.4747197e-04 1.7552656e-04-6.2085272e-05
-1.5390702e-04-1.6617809e-04-1.2644784e-04
 6.8529732e-05 6.4835089e-05 3.5322013e-07
 9.2817596e-08 1.5668333e-04 1.4582746e-04
 1.3556240e-04 1.3426554e-04 1.2497882e-04
 1.1657412e-04 3.7201234e-05 1.7221784e-04
 6.2891972e-05-5.7180857e-05 9.3701192e-06
 1.6456838e-04-1.3006035e-07-4.1395840e-08
 7.0163043e-08 1.2241141e-07-5.6982806e-05
-5.6990741e-05-5.5164564e-05 9.2669276e-07
-9.4922320e-05-3.8364745e-07 1.3571641e-04
-1.0724368e-06 7.2317066e-07 1.4923696e-06
 5.5594949e-05-5.4518287e-07 3.8900419e-06
-1.2919522e-04 7.9975622e-06 8.0200746e-05
-1.9618709e-07-3.7350681e-05-1.4627425e-04
 9.8207392e-06-1.0513439e-04-4.7700694e-05
-2.8804601e-05 6.6861681e-05 4.3112760e-05
 1.8386642e-04 4.2382477e-06 1.6569590e-04
 1.4443890e-04 1.0356028e-04-5.5552127e-05
-3.6035840e-07-1.3266409e-04-1.7086189e-08
 1.0048142e-05 1.9022321e-04 9.5705053e-06
 1.6677082e-07 5.4810357e-07 4.6445353e-05
 1.2016662e-04-9.1128762e-05-7.5629822e-05
-5.4964623e-05 1.8961776e-04-8.4873753e-05
-5.6536320e-05 4.0631729e-07 4.2496097e-05
-1.7722968e-04 3.5799033e-07-5.0331995e-05
-1.6867589e-04 7.3343027e-05 1.5941474e-04
 5.3527880e-05-2.0741200e-06-8.9450145e-05
 6.4801252e-07 8.8392147e-05 1.5380762e-04
-1.7746541e-04-5.1598861e-05 7.0744920e-05
 8.3766551e-07-1.4645884e-04 1.7988125e-04
-1.7459085e-04-8.8469315e-05 8.0302515e-05
-7.3864067e-05 1.2454614e-04 1.0506660e-04
 9.5132362e-05 1.0624843e-04-9.6873136e-05
 6.7491594e-05 5.8894586e-07 1.7816685e-07
 4.8126485e-05 5.4121129e-05-1.1507840e-04
 6.3929544e-05 2.9777700e-07 6.8253105e-05
 1.8719689e-04-7.2444901e-05 1.2214260e-04
-4.2754008e-05 5.4993611e-05-1.4701421e-04
 2.7738501e-07-7.0767711e-05 1.0622715e-04
 4.2940483e-05 6.7340101e-05-9.3719127e-05
-6.7672425e-05 1.0719281e-04-9.5405534e-05
 2.9578427e-07 3.7809239e-07 1.5787696e-07
 6.7779258e-05 3.8582513e-05-1.7638154e-04
 4.2115635e-05-6.9313669e-05 1.2002737e-04
 5.5441927e-05 1.9980346e-04 1.6523872e-04
-4.6882355e-05-6.7538204e-05 4.1161850e-07
 5.7051740e-05 9.2726430e-05-1.3992064e-04
 8.4582622e-07 7.6933446e-07 1.2176324e-04
 1.3101763e-04 1.3386377e-05-8.1376609e-05
 1.1847777e-04 5.5574857e-05 6.6701636e-07
-4.8176730e-05-9.8248537e-05-6.3165649e-05
 8.5068168e-07 1.0190119e-04 1.2240939e-04
 5.6312568e-05 1.7407285e-04 1.0673233e-04
-4.5347854e-05 1.2374361e-04 1.7093056e-04
 2.0349350e-04 6.8820669e-05-1.8427177e-04
-4.6474784e-05 1.3511058e-07 7.6197149e-07
-1.2466932e-06 5.6047249e-05 7.9219588e-07
 9.8344832e-07 1.0222428e-04 8.5761621e-05
 7.2213630e-05 1.0722388e-04 6.9763016e-05
 6.8374766e-05 1.1782095e-04-5.4250609e-05
 5.8959079e-05-1.3472224e-07-1.4577042e-04
 1.2529537e-04 8.0778673e-07 7.3427459e-07
-8.2113762e-05-1.4489279e-04 1.0021284e-04
 2.4371687e-05-2.5716431e-05-8.8601264e-05
 7.4404586e-07 7.9215876e-07-4.2341936e-05
 8.9831651e-07 1.0616958e-04-1.3656654e-04
-1.2220824e-04
