Number of nodes 378 
     0 :  0.0000000e+00  1.0000000e+00 
     1 :  0.0000000e+00  0.0000000e+00 
     2 :  1.0000000e+00  1.0000000e+00 
     3 :  1.0000000e+00  7.5000000e-01 
     4 :  5.0000000e-01  7.5000000e-01 
     5 :  5.0000000e-01  2.5000000e-01 
     6 :  1.0000000e+00  2.5000000e-01 
     7 :  1.0000000e+00  0.0000000e+00 
     8 :  0.0000000e+00  9.5000000e-01 
     9 :  0.0000000e+00  9.0000000e-01 
    10 :  0.0000000e+00  8.5000000e-01 
    11 :  0.0000000e+00  8.0000000e-01 
    12 :  0.0000000e+00  7.5000000e-01 
    13 :  0.0000000e+00  7.0000000e-01 
    14 :  0.0000000e+00  6.5000000e-01 
    15 :  0.0000000e+00  6.0000000e-01 
    16 :  0.0000000e+00  5.5000000e-01 
    17 :  0.0000000e+00  5.0000000e-01 
    18 :  0.0000000e+00  4.5000000e-01 
    19 :  0.0000000e+00  4.0000000e-01 
    20 :  0.0000000e+00  3.5000000e-01 
    21 :  0.0000000e+00  3.0000000e-01 
    22 :  0.0000000e+00  2.5000000e-01 
    23 :  0.0000000e+00  2.0000000e-01 
    24 :  0.0000000e+00  1.5000000e-01 
    25 :  0.0000000e+00  1.0000000e-01 
    26 :  0.0000000e+00  5.0000000e-02 
    27 :  9.5000000e-01  1.0000000e+00 
    28 :  9.0000000e-01  1.0000000e+00 
    29 :  8.5000000e-01  1.0000000e+00 
    30 :  8.0000000e-01  1.0000000e+00 
    31 :  7.5000000e-01  1.0000000e+00 
    32 :  7.0000000e-01  1.0000000e+00 
    33 :  6.5000000e-01  1.0000000e+00 
    34 :  6.0000000e-01  1.0000000e+00 
    35 :  5.5000000e-01  1.0000000e+00 
    36 :  5.0000000e-01  1.0000000e+00 
    37 :  4.5000000e-01  1.0000000e+00 
    38 :  4.0000000e-01  1.0000000e+00 
    39 :  3.5000000e-01  1.0000000e+00 
    40 :  3.0000000e-01  1.0000000e+00 
    41 :  2.5000000e-01  1.0000000e+00 
    42 :  2.0000000e-01  1.0000000e+00 
    43 :  1.5000000e-01  1.0000000e+00 
    44 :  1.0000000e-01  1.0000000e+00 
    45 :  5.0000000e-02  1.0000000e+00 
    46 :  1.0000000e+00  8.0000000e-01 
    47 :  1.0000000e+00  8.5000000e-01 
    48 :  1.0000000e+00  9.0000000e-01 
    49 :  1.0000000e+00  9.5000000e-01 
    50 :  9.5000000e-01  7.5000000e-01 
    51 :  9.0000000e-01  7.5000000e-01 
    52 :  8.5000000e-01  7.5000000e-01 
    53 :  8.0000000e-01  7.5000000e-01 
    54 :  7.5000000e-01  7.5000000e-01 
    55 :  7.0000000e-01  7.5000000e-01 
    56 :  6.5000000e-01  7.5000000e-01 
    57 :  6.0000000e-01  7.5000000e-01 
    58 :  5.5000000e-01  7.5000000e-01 
    59 :  4.5122742e-01  7.4519632e-01 
    60 :  4.0432914e-01  7.3096988e-01 
    61 :  3.6110744e-01  7.0786740e-01 
    62 :  3.2322330e-01  6.7677670e-01 
    63 :  2.9213260e-01  6.3889256e-01 
    64 :  2.6903012e-01  5.9567086e-01 
    65 :  2.5480368e-01  5.4877258e-01 
    66 :  2.5000000e-01  5.0000000e-01 
    67 :  2.5480368e-01  4.5122742e-01 
    68 :  2.6903012e-01  4.0432914e-01 
    69 :  2.9213260e-01  3.6110744e-01 
    70 :  3.2322330e-01  3.2322330e-01 
    71 :  3.6110744e-01  2.9213260e-01 
    72 :  4.0432914e-01  2.6903012e-01 
    73 :  4.5122742e-01  2.5480368e-01 
    74 :  5.5000000e-01  2.5000000e-01 
    75 :  6.0000000e-01  2.5000000e-01 
    76 :  6.5000000e-01  2.5000000e-01 
    77 :  7.0000000e-01  2.5000000e-01 
    78 :  7.5000000e-01  2.5000000e-01 
    79 :  8.0000000e-01  2.5000000e-01 
    80 :  8.5000000e-01  2.5000000e-01 
    81 :  9.0000000e-01  2.5000000e-01 
    82 :  9.5000000e-01  2.5000000e-01 
    83 :  1.0000000e+00  5.0000000e-02 
    84 :  1.0000000e+00  1.0000000e-01 
    85 :  1.0000000e+00  1.5000000e-01 
    86 :  1.0000000e+00  2.0000000e-01 
    87 :  5.0000000e-02  0.0000000e+00 
    88 :  1.0000000e-01  0.0000000e+00 
    89 :  1.5000000e-01  0.0000000e+00 
    90 :  2.0000000e-01  0.0000000e+00 
    91 :  2.5000000e-01  0.0000000e+00 
    92 :  3.0000000e-01  0.0000000e+00 
    93 :  3.5000000e-01  0.0000000e+00 
    94 :  4.0000000e-01  0.0000000e+00 
    95 :  4.5000000e-01  0.0000000e+00 
    96 :  5.0000000e-01  0.0000000e+00 
    97 :  5.5000000e-01  0.0000000e+00 
    98 :  6.0000000e-01  0.0000000e+00 
    99 :  6.5000000e-01  0.0000000e+00 
   100 :  7.0000000e-01  0.0000000e+00 
   101 :  7.5000000e-01  0.0000000e+00 
   102 :  8.0000000e-01  0.0000000e+00 
   103 :  8.5000000e-01  0.0000000e+00 
   104 :  9.0000000e-01  0.0000000e+00 
   105 :  9.5000000e-01  0.0000000e+00 
   106 :  4.1872465e-02  7.7495290e-01 
   107 :  2.1730621e-01  9.6005571e-01 
   108 :  2.2776116e-01  4.3742898e-02 
   109 :  4.2088171e-02  2.3151335e-01 
   110 :  2.7486933e-01  6.8475997e-01 
   111 :  3.1420162e-01  2.7780132e-01 
   112 :  3.6581502e-01  7.5668818e-01 
   113 :  2.4608866e-01  3.5054349e-01 
   114 :  4.4820470e-02  6.2302492e-01 
   115 :  3.7583499e-01  4.2805556e-02 
   116 :  4.1428783e-02  4.2396575e-01 
   117 :  4.2241726e-01  9.5916997e-01 
   118 :  5.2500000e-01  7.9287197e-01 
   119 :  4.5861186e-02  5.2899796e-01 
   120 :  5.2088897e-01  2.0570673e-01 
   121 :  9.5907886e-01  8.7215630e-01 
   122 :  4.1779976e-02  8.7500013e-01 
   123 :  8.2498106e-01  9.5664143e-01 
   124 :  6.7500000e-01  9.5669873e-01 
   125 :  6.2291448e-01  2.0294139e-01 
   126 :  8.1922777e-01  2.0859142e-01 
   127 :  4.2857361e-02  1.2274070e-01 
   128 :  7.2454698e-01  5.2593789e-02 
   129 :  3.2542699e-01  9.5860955e-01 
   130 :  3.8384903e-02  3.2534778e-01 
   131 :  2.1768933e-01  5.8365907e-01 
   132 :  4.1545782e-01  2.2130180e-01 
   133 :  2.1090599e-01  4.7286189e-01 
   134 :  5.7435378e-01  9.6156738e-01 
   135 :  4.7499997e-01  4.2471027e-02 
   136 :  6.2553191e-01  7.8966553e-01 
   137 :  8.7626805e-01  4.2569162e-02 
   138 :  5.7327003e-01  3.8233407e-02 
   139 :  7.7516048e-01  7.9277686e-01 
   140 :  7.3204446e-01  2.1415635e-01 
   141 :  1.2821313e-01  9.4907112e-01 
   142 :  1.2285676e-01  5.1633342e-02 
   143 :  8.7238579e-01  7.9089207e-01 
   144 :  9.6356768e-01  1.2500000e-01 
   145 :  9.2478813e-01  2.0766140e-01 
   146 :  9.2478501e-01  9.5764928e-01 
   147 :  4.1185732e-01  7.7832048e-01 
   148 :  3.7258350e-01  8.0796249e-01 
   149 :  3.2607560e-01  7.8752111e-01 
   150 :  4.1745015e-01  8.2859219e-01 
   151 :  3.3473350e-01  8.3871558e-01 
   152 :  2.8839524e-01  8.2197887e-01 
   153 :  2.7911065e-01  7.7258949e-01 
   154 :  2.4177034e-01  8.0574496e-01 
   155 :  2.3277584e-01  7.5744248e-01 
   156 :  1.9531070e-01  7.8974443e-01 
   157 :  1.8611833e-01  7.4094271e-01 
   158 :  2.0423985e-01  8.3827001e-01 
   159 :  1.5763842e-01  8.2202491e-01 
   160 :  2.9695184e-01  8.7034830e-01 
   161 :  1.6723874e-01  8.7054354e-01 
   162 :  3.4319926e-01  8.8637319e-01 
   163 :  1.2205406e-01  8.5832769e-01 
   164 :  1.1433855e-01  8.0938914e-01 
   165 :  2.1435479e-01  8.8436745e-01 
   166 :  2.7741998e-01  3.1357833e-01 
   167 :  2.6445846e-01  2.6525681e-01 
   168 :  3.0096165e-01  2.2943079e-01 
   169 :  2.5030461e-01  2.1805583e-01 
   170 :  2.1640431e-01  2.5420838e-01 
   171 :  2.0173789e-01  2.0727386e-01 
   172 :  2.8353277e-01  1.8136914e-01 
   173 :  1.6835460e-01  2.4380878e-01 
   174 :  1.5333173e-01  1.9663769e-01 
   175 :  1.8661935e-01  1.6007709e-01 
   176 :  1.8309890e-01  2.9067896e-01 
   177 :  1.3500417e-01  2.8038612e-01 
   178 :  1.4811202e-01  3.2579560e-01 
   179 :  1.3832724e-01  1.4943077e-01 
   180 :  3.3270375e-01  1.9163308e-01 
   181 :  3.2427326e-01  1.3760014e-01 
   182 :  3.6444004e-01  1.5458820e-01 
   183 :  2.6921971e-01  1.3294805e-01 
   184 :  3.0152382e-01  9.1408308e-02 
   185 :  1.7121327e-01  1.1485806e-01 
   186 :  1.0466822e-01  1.8547169e-01 
   187 :  2.4132880e-01  6.4424549e-01 
   188 :  1.8955630e-01  6.2912615e-01 
   189 :  1.6728165e-01  5.8510838e-01 
   190 :  1.4236925e-01  6.2559861e-01 
   191 :  1.2073520e-01  5.8110093e-01 
   192 :  1.4367862e-01  5.4175611e-01 
   193 :  1.6174729e-01  6.6662060e-01 
   194 :  1.1607546e-01  6.6466608e-01 
   195 :  2.1529664e-01  4.2496613e-01 
   196 :  1.7015814e-01  4.4289063e-01 
   197 :  1.7623843e-01  3.9412863e-01 
   198 :  1.2997924e-01  4.1039395e-01 
   199 :  1.2520937e-01  4.6340107e-01 
   200 :  4.5550146e-01  8.0280665e-01 
   201 :  4.6062008e-01  8.5205735e-01 
   202 :  4.1948038e-01  8.8102504e-01 
   203 :  4.6734698e-01  9.0150914e-01 
   204 :  5.0575878e-01  8.7469329e-01 
   205 :  5.1138064e-01  9.2103525e-01 
   206 :  5.5046063e-01  8.9328552e-01 
   207 :  4.6664295e-01  2.0386492e-01 
   208 :  4.9377149e-01  1.6417330e-01 
   209 :  5.4417784e-01  1.6035647e-01 
   210 :  5.1989676e-01  1.1966454e-01 
   211 :  4.6604439e-01  1.2280545e-01 
   212 :  5.6878850e-01  1.1736964e-01 
   213 :  4.1786062e-01  1.7670817e-01 
   214 :  1.7907044e-01  9.2091861e-01 
   215 :  1.4203560e-01  7.1520982e-01 
   216 :  8.5212082e-02  7.0526832e-01 
   217 :  2.2750015e-01  7.0356994e-01 
   218 :  2.1359955e-01  5.2472010e-01 
   219 :  3.1467873e-01  7.2804981e-01 
   220 :  3.6023332e-01  2.4152637e-01 
   221 :  1.2617586e-01  1.0490700e-01 
   222 :  5.4970808e-01  8.3993869e-01 
   223 :  5.8664736e-01  8.7027984e-01 
   224 :  5.9414392e-01  1.5659756e-01 
   225 :  6.1626863e-01  1.1318489e-01 
   226 :  6.4445346e-01  1.5570211e-01 
   227 :  6.6548761e-01  1.1047677e-01 
   228 :  6.9345079e-01  1.4792204e-01 
   229 :  6.4357981e-01  7.5431082e-02 
   230 :  7.1475663e-01  1.0270239e-01 
   231 :  7.4302472e-01  1.4081238e-01 
   232 :  7.6457905e-01  9.8538313e-02 
   233 :  7.9158716e-01  1.3756220e-01 
   234 :  8.0985569e-01  9.0763855e-02 
   235 :  8.4292073e-01  1.3544593e-01 
   236 :  1.0451261e-01  3.1589348e-01 
   237 :  8.5731984e-02  2.6747645e-01 
   238 :  9.8090163e-02  5.3716291e-01 
   239 :  7.2509758e-02  5.7781658e-01 
   240 :  7.7918037e-01  4.7426978e-02 
   241 :  8.4353269e-02  4.9125330e-01 
   242 :  1.0593080e-01  7.5680486e-01 
   243 :  7.7117868e-01  1.8279807e-01 
   244 :  1.1681665e-01  3.6433761e-01 
   245 :  1.9271360e-01  3.4424964e-01 
   246 :  2.5217356e-01  8.6930967e-02 
   247 :  2.7686727e-01  4.3773981e-02 
   248 :  5.7202087e-01  2.0426702e-01 
   249 :  5.7499858e-01  7.9161953e-01 
   250 :  3.7463024e-01  9.6046650e-01 
   251 :  4.0253124e-02  3.7497196e-01 
   252 :  2.6919986e-01  9.5118709e-01 
   253 :  4.2514369e-01  4.2082542e-02 
   254 :  3.9613981e-01  8.3721250e-02 
   255 :  3.4969440e-01  8.5643549e-02 
   256 :  4.1415124e-02  6.7662207e-01 
   257 :  4.0185197e-02  8.2499747e-01 
   258 :  5.1803359e-02  1.7831515e-01 
   259 :  1.7573963e-01  4.2867432e-02 
   260 :  6.2488564e-01  9.5793862e-01 
   261 :  6.5134421e-01  9.1484457e-01 
   262 :  7.0018496e-01  9.1361883e-01 
   263 :  6.7725045e-01  8.7157767e-01 
   264 :  7.2533829e-01  8.7117435e-01 
   265 :  7.5006070e-01  9.1356160e-01 
   266 :  7.7490871e-01  8.7001298e-01 
   267 :  7.0168903e-01  8.3051598e-01 
   268 :  7.9996609e-01  9.1334027e-01 
   269 :  8.2490846e-01  8.6996642e-01 
   270 :  8.4995208e-01  9.1329413e-01 
   271 :  8.7874797e-01  8.7028768e-01 
   272 :  9.0151015e-01  9.1764461e-01 
   273 :  5.2478379e-01  4.0475601e-02 
   274 :  7.7500039e-01  9.5670021e-01 
   275 :  4.2242375e-02  9.2478286e-01 
   276 :  8.6586282e-02  9.0000000e-01 
   277 :  4.1927355e-02  7.4906949e-02 
   278 :  8.7520472e-01  9.5753824e-01 
   279 :  8.7400265e-01  2.0912612e-01 
   280 :  8.9179042e-01  1.6325800e-01 
   281 :  6.8047782e-01  1.9885577e-01 
   282 :  9.2486515e-01  4.2294135e-02 
   283 :  9.0141041e-01  8.1346414e-02 
   284 :  9.5765452e-01  8.2502796e-01 
   285 :  8.2488252e-01  7.9274645e-01 
   286 :  7.2504101e-01  9.5676323e-01 
   287 :  1.6749494e-01  5.0021212e-01 
   288 :  1.2163834e-01  2.3217471e-01 
   289 :  2.5094633e-01  8.5392688e-01 
   290 :  2.3518716e-01  1.7056861e-01 
   291 :  2.6052545e-01  8.9943707e-01 
   292 :  9.5611306e-02  6.2144105e-01 
   293 :  2.1973763e-01  1.2461166e-01 
   294 :  9.0270399e-02  1.3921279e-01 
   295 :  4.7313127e-01  9.5254103e-01 
   296 :  8.2863532e-01  4.3934207e-02 
   297 :  1.5022873e-01  7.7235265e-01 
   298 :  4.1300499e-02  7.2500000e-01 
   299 :  8.1566780e-02  3.9480351e-01 
   300 :  2.3003065e-01  3.0308594e-01 
   301 :  5.9531029e-01  9.1513099e-01 
   302 :  7.5658822e-02  9.5714053e-01 
   303 :  7.4641608e-02  4.2656748e-02 
   304 :  9.5532920e-01  7.8769672e-02 
   305 :  9.5303329e-01  9.2089105e-01 
   306 :  9.2107573e-01  7.9728921e-01 
   307 :  9.5322566e-01  1.7014811e-01 
   308 :  6.7178280e-01  3.9117574e-02 
   309 :  3.7910845e-01  8.5506776e-01 
   310 :  3.9672323e-02  2.7655326e-01 
   311 :  9.2098540e-01  8.4644213e-01 
   312 :  1.3663253e-01  8.9977219e-01 
   313 :  7.2525982e-01  7.9057687e-01 
   314 :  2.6799929e-01  7.2963747e-01 
   315 :  6.5340918e-01  8.2948261e-01 
   316 :  3.7622213e-01  1.9844228e-01 
   317 :  4.1405773e-01  1.2906746e-01 
   318 :  3.0561257e-01  9.1586568e-01 
   319 :  3.9691176e-01  9.2327305e-01 
   320 :  6.7525379e-01  7.8903280e-01 
   321 :  7.4987296e-01  8.3171319e-01 
   322 :  7.9987292e-01  8.3168678e-01 
   323 :  8.4794857e-01  8.3068022e-01 
   324 :  3.2765748e-01  4.2284595e-02 
   325 :  4.4606388e-01  8.3161883e-02 
   326 :  4.0001483e-02  4.7401870e-01 
   327 :  8.3756488e-02  4.4297271e-01 
   328 :  4.9944362e-01  8.2767920e-01 
   329 :  2.0012284e-01  8.1679820e-02 
   330 :  1.7494140e-01  9.6533261e-01 
   331 :  5.2500000e-01  9.6374710e-01 
   332 :  8.5607494e-01  8.5329601e-02 
   333 :  4.9696104e-01  8.0859645e-02 
   334 :  8.3121557e-02  8.9342921e-02 
   335 :  7.8255240e-02  8.4803993e-01 
   336 :  6.0188618e-01  8.3000798e-01 
   337 :  7.5228546e-02  3.4609828e-01 
   338 :  6.2926312e-01  8.7277648e-01 
   339 :  1.2376527e-01  5.0675710e-01 
   340 :  5.4556140e-01  7.9496685e-02 
   341 :  9.1965010e-01  1.2384696e-01 
   342 :  3.1720379e-02  5.7500000e-01 
   343 :  8.4867867e-01  1.7685690e-01 
   344 :  8.1946837e-02  2.1912608e-01 
   345 :  5.9541139e-01  7.5478826e-02 
   346 :  1.8486162e-01  6.9939696e-01 
   347 :  1.5544195e-01  7.7620076e-02 
   348 :  3.5151043e-01  9.2498338e-01 
   349 :  3.6606436e-02  9.6339356e-01 
   350 :  3.6602540e-02  3.6602540e-02 
   351 :  9.6339746e-01  7.8660254e-01 
   352 :  9.6339746e-01  3.6602540e-02 
   353 :  9.6339746e-01  2.1339746e-01 
   354 :  9.6339746e-01  9.6339746e-01 
   355 :  7.6964250e-02  6.5708250e-01 
   356 :  2.1987349e-01  3.8364341e-01 
   357 :  8.8236932e-01  1.1784538e-01 
   358 :  7.5061374e-02  7.9384741e-01 
   359 :  6.2234067e-01  3.8043482e-02 
   360 :  3.7064949e-01  1.1776433e-01 
   361 :  2.0089396e-01  6.6791912e-01 
   362 :  7.7500000e-01  2.2213450e-01 
   363 :  5.4878430e-01  9.3195648e-01 
   364 :  8.1471860e-01  1.6825090e-01 
   365 :  6.9785996e-02  7.4890017e-01 
   366 :  8.8822869e-01  8.2711826e-01 
   367 :  6.8628021e-01  7.6991611e-02 
   368 :  1.5322661e-01  3.6547172e-01 
   369 :  2.2809975e-01  9.2144240e-01 
   370 :  4.3585753e-01  9.2350364e-01 
   371 :  4.8931882e-01  7.8416196e-01 
   372 :  4.5366629e-01  1.5887192e-01 
   373 :  1.8282565e-01  5.5113652e-01 
   374 :  6.9542762e-02  3.0254692e-01 
   375 :  9.2246153e-01  8.8538973e-01 
   376 :  7.2301994e-01  1.7529737e-01 
   377 :  3.7876358e-01  8.9165397e-01 
Number of edges 106 
     0 :      0      8 
     1 :      8      9 
     2 :      9     10 
     3 :     10     11 
     4 :     11     12 
     5 :     12     13 
     6 :     13     14 
     7 :     14     15 
     8 :     15     16 
     9 :     16     17 
    10 :     17     18 
    11 :     18     19 
    12 :     19     20 
    13 :     20     21 
    14 :     21     22 
    15 :     22     23 
    16 :     23     24 
    17 :     24     25 
    18 :     25     26 
    19 :     26      1 
    20 :      2     27 
    21 :     27     28 
    22 :     28     29 
    23 :     29     30 
    24 :     30     31 
    25 :     31     32 
    26 :     32     33 
    27 :     33     34 
    28 :     34     35 
    29 :     35     36 
    30 :     36     37 
    31 :     37     38 
    32 :     38     39 
    33 :     39     40 
    34 :     40     41 
    35 :     41     42 
    36 :     42     43 
    37 :     43     44 
    38 :     44     45 
    39 :     45      0 
    40 :      3     46 
    41 :     46     47 
    42 :     47     48 
    43 :     48     49 
    44 :     49      2 
    45 :      3     50 
    46 :     50     51 
    47 :     51     52 
    48 :     52     53 
    49 :     53     54 
    50 :     54     55 
    51 :     55     56 
    52 :     56     57 
    53 :     57     58 
    54 :     58      4 
    55 :      4     59 
    56 :     59     60 
    57 :     60     61 
    58 :     61     62 
    59 :     62     63 
    60 :     63     64 
    61 :     64     65 
    62 :     65     66 
    63 :     66     67 
    64 :     67     68 
    65 :     68     69 
    66 :     69     70 
    67 :     70     71 
    68 :     71     72 
    69 :     72     73 
    70 :     73      5 
    71 :      5     74 
    72 :     74     75 
    73 :     75     76 
    74 :     76     77 
    75 :     77     78 
    76 :     78     79 
    77 :     79     80 
    78 :     80     81 
    79 :     81     82 
    80 :     82      6 
    81 :      7     83 
    82 :     83     84 
    83 :     84     85 
    84 :     85     86 
    85 :     86      6 
    86 :      1     87 
    87 :     87     88 
    88 :     88     89 
    89 :     89     90 
    90 :     90     91 
    91 :     91     92 
    92 :     92     93 
    93 :     93     94 
    94 :     94     95 
    95 :     95     96 
    96 :     96     97 
    97 :     97     98 
    98 :     98     99 
    99 :     99    100 
   100 :    100    101 
   101 :    101    102 
   102 :    102    103 
   103 :    103    104 
   104 :    104    105 
   105 :    105      7 
Number of triangles 648 
     0 :    317    325    211
     1 :    221    334    142
     2 :    142    334    303
     3 :    128    232    230
     4 :    157    217    155
     5 :    153    219    149
     6 :    180    220    168
     7 :    141    302    276
     8 :    187    188    131
     9 :     64    187    131
    10 :    149    219    112
    11 :    168    220    111
    12 :    254    325    317
    13 :    128    240    232
    14 :    276    312    141
    15 :    157    297    215
    16 :    255    360    181
    17 :    228    281    226
    18 :    184    255    181
    19 :    113    300    166
    20 :    217    314    155
    21 :     91    247    108
    22 :    213    316    182
    23 :      5    207    120
    24 :    258    294    186
    25 :    226    281    125
    26 :    245    300    113
    27 :    207    208    120
    28 :    157    346    217
    29 :    215    297    242
    30 :    280    341    307
    31 :    304    341    283
    32 :    182    317    213
    33 :    118    249    222
    34 :    184    324    255
    35 :    238    239    119
    36 :    141    312    214
    37 :    186    344    258
    38 :    224    226    125
    39 :    218    287    133
    40 :    247    324    184
    41 :    211    372    317
    42 :    144    341    304
    43 :    307    341    144
    44 :    218    373    287
    45 :     92    247     91
    46 :    280    343    235
    47 :    237    310    109
    48 :    235    357    280
    49 :    108    247    246
    50 :    214    330    141
    51 :    195    356     68
    52 :    232    240    234
    53 :    315    338    336
    54 :    240    296    234
    55 :    228    376    281
    56 :    109    344    237
    57 :    166    167    111
    58 :    147    148    112
    59 :    107    330    214
    60 :    119    241    238
    61 :    138    359    345
    62 :    287    373    192
    63 :    249    336    222
    64 :    125    248    224
    65 :    345    359    229
    66 :    214    369    107
    67 :    153    314    219
    68 :    180    316    220
    69 :    127    294    258
    70 :    197    368    245
    71 :     68    356    113
    72 :     67    195     68
    73 :     63    187     64
    74 :    245    356    197
    75 :    112    219     61
    76 :    113    166     69
    77 :     62    219    110
    78 :     70    166    111
    79 :    111    220     71
    80 :     60    147    112
    81 :     72    220    132
    82 :    131    218     65
    83 :     66    218    133
    84 :     73    207      5
    85 :    181    360    182
    86 :     59    200    147
    87 :    272    305    146
    88 :    252    369    291
    89 :    276    302    275
    90 :    280    307    145
    91 :    282    304    283
    92 :    205    295    203
    93 :    239    342    119
    94 :    215    346    157
    95 :    164    358    242
    96 :    102    240    101
    97 :    101    240    128
    98 :     74    248     75
    99 :    188    189    131
   100 :    230    367    128
   101 :    222    328    118
   102 :    239    292    114
   103 :     59    371    200
   104 :    258    344    109
   105 :    284    311    306
   106 :    358    365    242
   107 :    317    372    213
   108 :    107    369    252
   109 :    208    209    120
   110 :    110    314    217
   111 :    132    316    213
   112 :    219    314    110
   113 :    163    312    276
   114 :    220    316    132
   115 :    272    375    305
   116 :     75    248    125
   117 :    120    248     74
   118 :    209    248    120
   119 :    291    318    252
   120 :    311    366    306
   121 :    199    327    198
   122 :    295    370    203
   123 :    276    335    163
   124 :    148    149    112
   125 :    167    168    111
   126 :    147    150    148
   127 :    116    327    326
   128 :    325    333    211
   129 :    126    362    243
   130 :    224    248    209
   131 :    301    363    206
   132 :    242    297    164
   133 :    142    347    221
   134 :    131    373    218
   135 :    216    298    256
   136 :    223    301    206
   137 :    336    338    223
   138 :    102    296    240
   139 :    211    333    210
   140 :    188    190    189
   141 :    313    320     55
   142 :    163    335    164
   143 :    208    210    209
   144 :    198    327    299
   145 :    281    376    140
   146 :    114    342    239
   147 :    222    336    223
   148 :     58    118      4
   149 :    147    200    150
   150 :      5    120     74
   151 :    167    169    168
   152 :    136    249     57
   153 :    166    300    167
   154 :    333    340    210
   155 :    148    151    149
   156 :     38    250    117
   157 :     19    251    116
   158 :    253    254    115
   159 :    146    278    272
   160 :    107    252     41
   161 :    208    211    210
   162 :    272    278    270
   163 :     94    253    115
   164 :    270    278    123
   165 :    188    193    190
   166 :    254    255    115
   167 :    268    270    123
   168 :    106    257     11
   169 :     23    258    109
   170 :    108    259     90
   171 :    176    245    178
   172 :    129    250     39
   173 :    130    251     20
   174 :    114    256     14
   175 :     40    252    129
   176 :    190    191    189
   177 :     17    119     16
   178 :     38    117     37
   179 :     19    116     18
   180 :     15    114     14
   181 :     94    115     93
   182 :     40    129     39
   183 :     21    130     20
   184 :     31    274     30
   185 :     12    106     11
   186 :     23    109     22
   187 :     42    107     41
   188 :     91    108     90
   189 :    135    253     95
   190 :    123    274    268
   191 :     35    134     34
   192 :     20    251     19
   193 :     39    250     38
   194 :     31    286    274
   195 :    260    261    124
   196 :     33    260    124
   197 :    210    212    209
   198 :     30    274    123
   199 :     95    253     94
   200 :     41    252     40
   201 :     14    256     13
   202 :     10    257    122
   203 :     89    259    142
   204 :    127    258     24
   205 :    122    276    275
   206 :    134    260     34
   207 :     32    286     31
   208 :     90    259     89
   209 :     24    258     23
   210 :     11    257     10
   211 :     96    135     95
   212 :    191    192    189
   213 :    138    273     97
   214 :     96    273    135
   215 :    152    153    149
   216 :     25    277    127
   217 :    124    286     32
   218 :     10    122      9
   219 :     25    127     24
   220 :     44    141     43
   221 :     89    142     88
   222 :    122    275      9
   223 :     34    260     33
   224 :     26    277     25
   225 :     97    273     96
   226 :    170    176    173
   227 :    167    170    169
   228 :      9    275      8
   229 :    279    280    145
   230 :    282    283    137
   231 :     28    278    146
   232 :     53    285    139
   233 :     28    146     27
   234 :     33    124     32
   235 :     47    284     46
   236 :    121    284     47
   237 :     52    285     53
   238 :    143    285     52
   239 :     76    281     77
   240 :     79    126     80
   241 :     81    145     82
   242 :     98    138     97
   243 :    125    281     76
   244 :     85    144     84
   245 :    104    137    103
   246 :     29    278     28
   247 :     48    121     47
   248 :     51    143     52
   249 :     56    136     57
   250 :     75    125     76
   251 :    126    279     80
   252 :     77    140     78
   253 :    101    128    100
   254 :     77    281    140
   255 :     53    139     54
   256 :     30    123     29
   257 :    123    278     29
   258 :    104    282    137
   259 :     80    279     81
   260 :     81    279    145
   261 :    105    282    104
   262 :    271    272    270
   263 :    269    271    270
   264 :    269    270    268
   265 :    268    274    265
   266 :    266    269    268
   267 :    266    268    265
   268 :    234    235    233
   269 :    264    266    265
   270 :    232    234    233
   271 :    233    243    231
   272 :    232    233    231
   273 :    264    265    262
   274 :    263    267    264
   275 :    265    286    262
   276 :    172    180    168
   277 :    230    232    231
   278 :    261    262    124
   279 :    261    263    262
   280 :    274    286    265
   281 :    230    231    228
   282 :    262    286    124
   283 :    263    264    262
   284 :    225    229    227
   285 :    227    230    228
   286 :    154    155    153
   287 :     57    249     58
   288 :    227    228    226
   289 :    204    222    206
   290 :    151    152    149
   291 :    176    178    177
   292 :    169    172    168
   293 :    225    227    226
   294 :    178    244    236
   295 :    181    182    180
   296 :    163    164    159
   297 :    225    226    224
   298 :    212    224    209
   299 :    156    157    155
   300 :    158    165    161
   301 :    200    201    150
   302 :    176    177    173
   303 :     68    113     69
   304 :     60    112     61
   305 :     70    111     71
   306 :     62    110     63
   307 :    152    154    153
   308 :    215    242    216
   309 :     61    219     62
   310 :    212    225    224
   311 :     69    166     70
   312 :     71    220     72
   313 :     64    131     65
   314 :     72    132     73
   315 :    244    368    198
   316 :    191    238    192
   317 :     59    147     60
   318 :    154    156    155
   319 :     66    133     67
   320 :    172    181    180
   321 :    174    175    171
   322 :    165    214    161
   323 :     65    218     66
   324 :    193    215    194
   325 :     58    249    118
   326 :    174    186    179
   327 :    178    236    177
   328 :    193    194    190
   329 :    222    223    206
   330 :    204    206    205
   331 :    170    173    171
   332 :    161    163    159
   333 :    179    185    175
   334 :    201    204    203
   335 :    170    171    169
   336 :    201    202    150
   337 :    110    187     63
   338 :    151    162    160
   339 :    158    161    159
   340 :    158    159    156
   341 :    179    221    185
   342 :    215    216    194
   343 :    173    174    171
   344 :    236    237    177
   345 :    133    195     67
   346 :    183    246    184
   347 :    204    205    203
   348 :    151    160    152
   349 :    174    179    175
   350 :    154    158    156
   351 :    246    247    184
   352 :    196    199    198
   353 :    133    287    196
   354 :    172    183    181
   355 :    183    184    181
   356 :    196    197    195
   357 :    158    289    165
   358 :    191    239    238
   359 :    234    332    235
   360 :    174    288    186
   361 :    201    203    202
   362 :    110    217    187
   363 :    133    196    195
   364 :    196    198    197
   365 :    173    288    174
   366 :    177    288    173
   367 :    196    287    199
   368 :    237    288    177
   369 :    132    207     73
   370 :    152    289    154
   371 :    132    213    207
   372 :    154    289    158
   373 :    169    290    172
   374 :    160    289    152
   375 :    243    364    126
   376 :    171    290    169
   377 :    175    290    171
   378 :    335    358    164
   379 :    172    290    183
   380 :    210    340    212
   381 :    190    292    191
   382 :    303    334    277
   383 :    194    292    190
   384 :    326    327    241
   385 :     37    295     36
   386 :    179    294    221
   387 :    175    293    290
   388 :    198    299    244
   389 :    103    296    102
   390 :    290    293    183
   391 :    185    293    175
   392 :    289    291    165
   393 :    191    292    239
   394 :      4    371     59
   395 :    256    298     13
   396 :     12    298    106
   397 :    160    291    289
   398 :    183    293    246
   399 :     92    324    247
   400 :    164    297    159
   401 :    134    363    301
   402 :    176    300    245
   403 :    156    297    157
   404 :    186    294    179
   405 :    296    332    234
   406 :    119    326    241
   407 :    198    368    197
   408 :    167    300    170
   409 :    260    301    261
   410 :    117    295     37
   411 :    137    296    103
   412 :    267    320    313
   413 :     45    302     44
   414 :     88    303     87
   415 :     49    305     48
   416 :     86    307     85
   417 :     50    306     51
   418 :     84    304     83
   419 :    100    308     99
   420 :     21    310    130
   421 :    109    310     22
   422 :    159    297    156
   423 :    150    309    148
   424 :    251    299    116
   425 :     13    298     12
   426 :    295    331     36
   427 :    193    346    215
   428 :    161    312    163
   429 :     54    313     55
   430 :    301    338    261
   431 :    148    309    151
   432 :    256    355    216
   433 :    255    324    115
   434 :    267    321    264
   435 :    253    325    254
   436 :     93    324     92
   437 :     56    320    136
   438 :    162    318    160
   439 :    170    300    176
   440 :     17    326    119
   441 :    116    326     18
   442 :    308    359     99
   443 :    134    301    260
   444 :    252    318    129
   445 :    205    331    295
   446 :    151    309    162
   447 :    204    328    222
   448 :     42    330    107
   449 :    315    336    136
   450 :     35    331    134
   451 :    246    329    108
   452 :    141    330     43
   453 :    200    328    201
   454 :     44    302    141
   455 :    142    303     88
   456 :     51    306    143
   457 :    144    304     84
   458 :     48    305    121
   459 :     85    307    144
   460 :    128    308    100
   461 :    202    309    150
   462 :    187    361    188
   463 :    140    376    243
   464 :    243    362    140
   465 :    223    338    301
   466 :    122    335    276
   467 :    199    339    241
   468 :     22    310     21
   469 :    241    339    238
   470 :    241    327    199
   471 :    229    359    308
   472 :    207    372    208
   473 :    119    342     16
   474 :     15    342    114
   475 :    108    329    259
   476 :    121    311    284
   477 :    137    332    296
   478 :    279    343    280
   479 :    245    368    178
   480 :      8    349      0
   481 :      0    349     45
   482 :      1    350     26
   483 :     87    350      1
   484 :     46    351      3
   485 :      3    351     50
   486 :      7    352    105
   487 :     83    352      7
   488 :      2    354     49
   489 :     82    353      6
   490 :      6    353     86
   491 :     27    354      2
   492 :    243    376    231
   493 :     98    359    138
   494 :    140    362     78
   495 :     79    362    126
   496 :    229    367    227
   497 :    214    312    161
   498 :    165    369    214
   499 :    293    329    246
   500 :    189    373    131
   501 :    237    344    288
   502 :    139    313     54
   503 :    313    321    267
   504 :    155    314    153
   505 :    263    315    267
   506 :    182    316    180
   507 :    216    355    194
   508 :    250    319    117
   509 :    136    320    315
   510 :     55    320     56
   511 :    113    356    245
   512 :    139    322    321
   513 :    285    322    139
   514 :    285    323    322
   515 :    143    323    285
   516 :    264    321    266
   517 :    321    322    266
   518 :    266    322    269
   519 :    322    323    269
   520 :    269    323    271
   521 :    160    318    291
   522 :    115    324     93
   523 :    332    357    235
   524 :    135    325    253
   525 :    117    370    295
   526 :    308    367    229
   527 :    299    337    244
   528 :     18    326     17
   529 :    329    347    259
   530 :    225    345    229
   531 :    251    337    299
   532 :    277    334    127
   533 :    201    328    204
   534 :    135    333    325
   535 :    263    338    315
   536 :    127    334    294
   537 :     43    330     42
   538 :    271    375    272
   539 :     36    331     35
   540 :    185    329    293
   541 :    213    372    207
   542 :    162    348    318
   543 :    306    366    143
   544 :    305    375    121
   545 :    299    327    116
   546 :    292    355    114
   547 :    283    332    137
   548 :    192    339    287
   549 :    250    348    319
   550 :    128    367    308
   551 :    273    333    135
   552 :    139    321    313
   553 :    217    361    187
   554 :    315    320    267
   555 :    294    334    221
   556 :    114    355    256
   557 :    136    336    249
   558 :    273    340    333
   559 :    348    377    319
   560 :    235    364    233
   561 :    185    347    329
   562 :    130    337    251
   563 :    203    370    202
   564 :    257    335    122
   565 :    200    371    328
   566 :    259    347    142
   567 :    238    339    192
   568 :    311    375    271
   569 :    261    338    263
   570 :    244    337    236
   571 :    138    340    273
   572 :    242    365    216
   573 :    287    339    199
   574 :    212    345    225
   575 :    280    357    341
   576 :    257    358    335
   577 :    318    348    129
   578 :    254    360    255
   579 :    106    365    358
   580 :     16    342     15
   581 :    233    364    243
   582 :    126    343    279
   583 :    130    374    337
   584 :    303    350     87
   585 :     45    349    302
   586 :     86    353    307
   587 :     49    354    305
   588 :     50    351    306
   589 :    304    352     83
   590 :    216    365    298
   591 :    337    374    236
   592 :    288    344    186
   593 :    221    347    185
   594 :    129    348    250
   595 :    275    349      8
   596 :     26    350    277
   597 :    284    351     46
   598 :    145    353     82
   599 :    105    352    282
   600 :    146    354     27
   601 :    331    363    134
   602 :    202    370    319
   603 :    106    358    257
   604 :    197    356    195
   605 :    310    374    130
   606 :     99    359     98
   607 :    206    363    205
   608 :    298    365    106
   609 :    118    371      4
   610 :    188    361    193
   611 :    194    355    292
   612 :     78    362     79
   613 :    178    368    244
   614 :    227    367    230
   615 :    208    372    211
   616 :    192    373    189
   617 :    231    376    228
   618 :    236    374    237
   619 :    302    349    275
   620 :    277    350    303
   621 :    328    371    118
   622 :    305    354    146
   623 :    307    353    145
   624 :    306    351    284
   625 :    282    352    304
   626 :    317    360    254
   627 :    291    369    165
   628 :    271    366    311
   629 :    202    377    309
   630 :    323    366    271
   631 :    343    364    235
   632 :    319    377    202
   633 :    237    374    310
   634 :    309    377    162
   635 :    162    377    348
   636 :    182    360    317
   637 :    340    345    212
   638 :    283    357    332
   639 :    121    375    311
   640 :    143    366    323
   641 :    205    363    331
   642 :    138    345    340
   643 :    319    370    117
   644 :    341    357    283
   645 :    346    361    217
   646 :    193    361    346
   647 :    126    364    343
Number of domains 8
  Domain :      0 
  Name : Entity 0 
  Number of elements :     20
     0     1     2     3     4     5     6     7     8     9
    10    11    12    13    14    15    16    17    18    19
  Domain :      1 
  Name : Entity 1 
  Number of elements :     20
    20    21    22    23    24    25    26    27    28    29
    30    31    32    33    34    35    36    37    38    39
  Domain :      2 
  Name : Entity 2 
  Number of elements :      5
    40    41    42    43    44
  Domain :      3 
  Name : Entity 3 
  Number of elements :     10
    45    46    47    48    49    50    51    52    53    54
  Domain :      4 
  Name : Entity 4 
  Number of elements :     16
    55    56    57    58    59    60    61    62    63    64
    65    66    67    68    69    70
  Domain :      5 
  Name : Entity 5 
  Number of elements :     10
    71    72    73    74    75    76    77    78    79    80
  Domain :      6 
  Name : Entity 6 
  Number of elements :      5
    81    82    83    84    85
  Domain :      7 
  Name : Entity 7 
  Number of elements :     20
    86    87    88    89    90    91    92    93    94    95
    96    97    98    99   100   101   102   103   104   105
