Number of nodes 239 
     0 :  0.0000000e+00  0.0000000e+00 
     1 :  0.0000000e+00  1.0700000e+00 
     2 :  2.5000000e-01  1.0700000e+00 
     3 :  1.6000000e+00  1.0700000e+00 
     4 :  1.8000000e+00  1.0700000e+00 
     5 :  1.8000000e+00  1.0000000e+00 
     6 :  2.5000000e-01  1.0000000e+00 
     7 :  2.5000000e-01  0.0000000e+00 
     8 :  0.0000000e+00  4.8636364e-02 
     9 :  0.0000000e+00  9.7272727e-02 
    10 :  0.0000000e+00  1.4590909e-01 
    11 :  0.0000000e+00  1.9454545e-01 
    12 :  0.0000000e+00  2.4318182e-01 
    13 :  0.0000000e+00  2.9181818e-01 
    14 :  0.0000000e+00  3.4045455e-01 
    15 :  0.0000000e+00  3.8909091e-01 
    16 :  0.0000000e+00  4.3772727e-01 
    17 :  0.0000000e+00  4.8636364e-01 
    18 :  0.0000000e+00  5.3500000e-01 
    19 :  0.0000000e+00  5.8363636e-01 
    20 :  0.0000000e+00  6.3227273e-01 
    21 :  0.0000000e+00  6.8090909e-01 
    22 :  0.0000000e+00  7.2954545e-01 
    23 :  0.0000000e+00  7.7818182e-01 
    24 :  0.0000000e+00  8.2681818e-01 
    25 :  0.0000000e+00  8.7545455e-01 
    26 :  0.0000000e+00  9.2409091e-01 
    27 :  0.0000000e+00  9.7272727e-01 
    28 :  0.0000000e+00  1.0213636e+00 
    29 :  4.1666667e-02  1.0700000e+00 
    30 :  8.3333333e-02  1.0700000e+00 
    31 :  1.2500000e-01  1.0700000e+00 
    32 :  1.6666667e-01  1.0700000e+00 
    33 :  2.0833333e-01  1.0700000e+00 
    34 :  2.9821429e-01  1.0700000e+00 
    35 :  3.4642857e-01  1.0700000e+00 
    36 :  3.9464286e-01  1.0700000e+00 
    37 :  4.4285714e-01  1.0700000e+00 
    38 :  4.9107143e-01  1.0700000e+00 
    39 :  5.3928571e-01  1.0700000e+00 
    40 :  5.8750000e-01  1.0700000e+00 
    41 :  6.3571429e-01  1.0700000e+00 
    42 :  6.8392857e-01  1.0700000e+00 
    43 :  7.3214286e-01  1.0700000e+00 
    44 :  7.8035714e-01  1.0700000e+00 
    45 :  8.2857143e-01  1.0700000e+00 
    46 :  8.7678571e-01  1.0700000e+00 
    47 :  9.2500000e-01  1.0700000e+00 
    48 :  9.7321429e-01  1.0700000e+00 
    49 :  1.0214286e+00  1.0700000e+00 
    50 :  1.0696429e+00  1.0700000e+00 
    51 :  1.1178571e+00  1.0700000e+00 
    52 :  1.1660714e+00  1.0700000e+00 
    53 :  1.2142857e+00  1.0700000e+00 
    54 :  1.2625000e+00  1.0700000e+00 
    55 :  1.3107143e+00  1.0700000e+00 
    56 :  1.3589286e+00  1.0700000e+00 
    57 :  1.4071429e+00  1.0700000e+00 
    58 :  1.4553571e+00  1.0700000e+00 
    59 :  1.5035714e+00  1.0700000e+00 
    60 :  1.5517857e+00  1.0700000e+00 
    61 :  1.6500000e+00  1.0700000e+00 
    62 :  1.7000000e+00  1.0700000e+00 
    63 :  1.7500000e+00  1.0700000e+00 
    64 :  1.8000000e+00  1.0350000e+00 
    65 :  1.7515625e+00  1.0000000e+00 
    66 :  1.7031250e+00  1.0000000e+00 
    67 :  1.6546875e+00  1.0000000e+00 
    68 :  1.6062500e+00  1.0000000e+00 
    69 :  1.5578125e+00  1.0000000e+00 
    70 :  1.5093750e+00  1.0000000e+00 
    71 :  1.4609375e+00  1.0000000e+00 
    72 :  1.4125000e+00  1.0000000e+00 
    73 :  1.3640625e+00  1.0000000e+00 
    74 :  1.3156250e+00  1.0000000e+00 
    75 :  1.2671875e+00  1.0000000e+00 
    76 :  1.2187500e+00  1.0000000e+00 
    77 :  1.1703125e+00  1.0000000e+00 
    78 :  1.1218750e+00  1.0000000e+00 
    79 :  1.0734375e+00  1.0000000e+00 
    80 :  1.0250000e+00  1.0000000e+00 
    81 :  9.7656250e-01  1.0000000e+00 
    82 :  9.2812500e-01  1.0000000e+00 
    83 :  8.7968750e-01  1.0000000e+00 
    84 :  8.3125000e-01  1.0000000e+00 
    85 :  7.8281250e-01  1.0000000e+00 
    86 :  7.3437500e-01  1.0000000e+00 
    87 :  6.8593750e-01  1.0000000e+00 
    88 :  6.3750000e-01  1.0000000e+00 
    89 :  5.8906250e-01  1.0000000e+00 
    90 :  5.4062500e-01  1.0000000e+00 
    91 :  4.9218750e-01  1.0000000e+00 
    92 :  4.4375000e-01  1.0000000e+00 
    93 :  3.9531250e-01  1.0000000e+00 
    94 :  3.4687500e-01  1.0000000e+00 
    95 :  2.9843750e-01  1.0000000e+00 
    96 :  2.5000000e-01  9.5000000e-01 
    97 :  2.5000000e-01  9.0000000e-01 
    98 :  2.5000000e-01  8.5000000e-01 
    99 :  2.5000000e-01  8.0000000e-01 
   100 :  2.5000000e-01  7.5000000e-01 
   101 :  2.5000000e-01  7.0000000e-01 
   102 :  2.5000000e-01  6.5000000e-01 
   103 :  2.5000000e-01  6.0000000e-01 
   104 :  2.5000000e-01  5.5000000e-01 
   105 :  2.5000000e-01  5.0000000e-01 
   106 :  2.5000000e-01  4.5000000e-01 
   107 :  2.5000000e-01  4.0000000e-01 
   108 :  2.5000000e-01  3.5000000e-01 
   109 :  2.5000000e-01  3.0000000e-01 
   110 :  2.5000000e-01  2.5000000e-01 
   111 :  2.5000000e-01  2.0000000e-01 
   112 :  2.5000000e-01  1.5000000e-01 
   113 :  2.5000000e-01  1.0000000e-01 
   114 :  2.5000000e-01  5.0000000e-02 
   115 :  2.0833333e-01  0.0000000e+00 
   116 :  1.6666667e-01  0.0000000e+00 
   117 :  1.2500000e-01  0.0000000e+00 
   118 :  8.3333333e-02  0.0000000e+00 
   119 :  4.1666667e-02  0.0000000e+00 
   120 :  4.9254564e-02  4.8178575e-01 
   121 :  4.9123447e-02  6.2751276e-01 
   122 :  5.5204968e-02  2.2587995e-01 
   123 :  5.1310482e-02  8.2543803e-01 
   124 :  4.9297131e-02  3.3493008e-01 
   125 :  1.9952513e-01  5.5308929e-01 
   126 :  1.9917150e-01  7.5303965e-01 
   127 :  2.1227150e-01  8.9926441e-01 
   128 :  3.4192187e-02  9.2624420e-01 
   129 :  1.9928869e-01  3.0357964e-01 
   130 :  1.9831897e-01  1.9930465e-01 
   131 :  5.8403695e-02  9.9420423e-02 
   132 :  1.9974590e-01  4.5395478e-01 
   133 :  1.6090708e-01  1.0290078e+00 
   134 :  1.2518774e-01  4.2775346e-02 
   135 :  2.0514556e-01  9.6057652e-02 
   136 :  1.6543231e-01  4.5087925e-02 
   137 :  4.5354153e-02  4.6473318e-02 
   138 :  4.5805145e-02  9.6211757e-01 
   139 :  8.8005550e-02  1.0404313e+00 
   140 :  1.9966857e-01  4.0445918e-01 
   141 :  1.9947815e-01  6.5182818e-01 
   142 :  1.9054372e-01  8.5990132e-01 
   143 :  4.9252511e-02  5.3006007e-01 
   144 :  4.9139905e-02  6.7600483e-01 
   145 :  4.9193389e-02  7.2504902e-01 
   146 :  4.4981874e-02  1.5308799e-01 
   147 :  4.9224556e-02  3.8369901e-01 
   148 :  5.7405429e-02  1.0161080e+00 
   149 :  2.0725187e-01  4.7660488e-02 
   150 :  2.0064332e-01  9.8916439e-01 
   151 :  2.5152568e-01  1.0334947e+00 
   152 :  1.7530253e+00  1.0364993e+00 
   153 :  1.0680846e-01  1.2702286e-01 
   154 :  9.6875391e-02  9.2563384e-01 
   155 :  9.9085220e-02  4.7265309e-01 
   156 :  9.8798094e-02  6.1847302e-01 
   157 :  9.8778455e-02  3.2427955e-01 
   158 :  1.0778402e-01  9.9140926e-01 
   159 :  1.4877783e-01  8.4301021e-01 
   160 :  1.4933237e-01  4.6227973e-01 
   161 :  1.9014300e-01  9.3665795e-01 
   162 :  2.0124096e-01  1.4681680e-01 
   163 :  1.9961080e-01  5.0417502e-01 
   164 :  1.9947352e-01  3.5467796e-01 
   165 :  1.9827524e-01  2.5244429e-01 
   166 :  1.9947848e-01  6.0273693e-01 
   167 :  1.9939899e-01  7.0274985e-01 
   168 :  1.9783991e-01  8.0350522e-01 
   169 :  3.2653026e-02  1.9009819e-01 
   170 :  4.9246907e-02  5.7819701e-01 
   171 :  4.9582669e-02  7.7448926e-01 
   172 :  5.8042056e-02  8.8446950e-01 
   173 :  4.9314633e-02  4.3222478e-01 
   174 :  5.0175706e-02  2.8429484e-01 
   175 :  9.8841986e-02  6.6710064e-01 
   176 :  1.1899539e-01  1.0330684e+00 
   177 :  8.6222677e-02  4.3088355e-02 
   178 :  1.6132654e-01  9.1249392e-02 
   179 :  2.0518380e-01  1.0305421e+00 
   180 :  1.7142610e+00  1.0445236e+00 
   181 :  1.4887570e-01  8.0801455e-01 
   182 :  1.4685219e-01  2.6160346e-01 
   183 :  9.9021849e-02  5.2109339e-01 
   184 :  9.8886458e-02  7.1706017e-01 
   185 :  1.5349316e-01  9.8697715e-01 
   186 :  1.1975511e-01  8.3764112e-02 
   187 :  9.8920171e-02  3.7373434e-01 
   188 :  1.5237294e-01  1.4056433e-01 
   189 :  8.6325005e-02  1.7390879e-01 
   190 :  1.4511782e-01  8.9622957e-01 
   191 :  1.0152951e-01  8.1672052e-01 
   192 :  1.4903829e-01  6.5832272e-01 
   193 :  1.4921350e-01  5.1159543e-01 
   194 :  9.6363149e-02  2.3688018e-01 
   195 :  1.4904497e-01  3.6303631e-01 
   196 :  1.4898235e-01  7.0915058e-01 
   197 :  1.4926638e-01  4.1337316e-01 
   198 :  1.1510499e-01  8.5941925e-01 
   199 :  9.8008247e-02  2.7443530e-01 
   200 :  9.8952335e-02  5.6955182e-01 
   201 :  1.4906436e-01  6.0941962e-01 
   202 :  9.9107565e-02  4.2334405e-01 
   203 :  8.9690509e-02  7.4721802e-02 
   204 :  1.6672598e+00  1.0475765e+00 
   205 :  1.3518936e-01  2.0312815e-01 
   206 :  1.4898784e-01  7.5967465e-01 
   207 :  1.4913317e-01  5.6074012e-01 
   208 :  1.4854659e-01  3.1294499e-01 
   209 :  9.9473642e-02  7.6738093e-01 
   210 :  1.4812857e-01  9.5265141e-01 
   211 :  1.6186804e+00  1.0478661e+00 
   212 :  1.5703438e+00  1.0480387e+00 
   213 :  1.5203638e+00  1.0467490e+00 
   214 :  1.4731353e+00  1.0477710e+00 
   215 :  1.4240158e+00  1.0471817e+00 
   216 :  1.3762664e+00  1.0477677e+00 
   217 :  1.3205782e+00  1.0414500e+00 
   218 :  1.2778979e+00  1.0464492e+00 
   219 :  1.2305795e+00  1.0474223e+00 
   220 :  1.1825534e+00  1.0477808e+00 
   221 :  1.1270603e+00  1.0414499e+00 
   222 :  1.0842087e+00  1.0464444e+00 
   223 :  1.0292894e+00  1.0405246e+00 
   224 :  9.7902446e-01  1.0387985e+00 
   225 :  9.3098750e-01  1.0390913e+00 
   226 :  8.8081201e-01  1.0373979e+00 
   227 :  8.3181668e-01  1.0367924e+00 
   228 :  7.8332112e-01  1.0366453e+00 
   229 :  7.3456313e-01  1.0362463e+00 
   230 :  6.8607596e-01  1.0361023e+00 
   231 :  6.3770362e-01  1.0360668e+00 
   232 :  5.8936114e-01  1.0360594e+00 
   233 :  5.4102501e-01  1.0360581e+00 
   234 :  4.9269008e-01  1.0360578e+00 
   235 :  4.4435535e-01  1.0360578e+00 
   236 :  3.9600107e-01  1.0360285e+00 
   237 :  3.4754901e-01  1.0358229e+00 
   238 :  2.9903725e-01  1.0351861e+00 
Number of edges 120 
     0 :      0      8 
     1 :      8      9 
     2 :      9     10 
     3 :     10     11 
     4 :     11     12 
     5 :     12     13 
     6 :     13     14 
     7 :     14     15 
     8 :     15     16 
     9 :     16     17 
    10 :     17     18 
    11 :     18     19 
    12 :     19     20 
    13 :     20     21 
    14 :     21     22 
    15 :     22     23 
    16 :     23     24 
    17 :     24     25 
    18 :     25     26 
    19 :     26     27 
    20 :     27     28 
    21 :     28      1 
    22 :      1     29 
    23 :     29     30 
    24 :     30     31 
    25 :     31     32 
    26 :     32     33 
    27 :     33      2 
    28 :      2     34 
    29 :     34     35 
    30 :     35     36 
    31 :     36     37 
    32 :     37     38 
    33 :     38     39 
    34 :     39     40 
    35 :     40     41 
    36 :     41     42 
    37 :     42     43 
    38 :     43     44 
    39 :     44     45 
    40 :     45     46 
    41 :     46     47 
    42 :     47     48 
    43 :     48     49 
    44 :     49     50 
    45 :     50     51 
    46 :     51     52 
    47 :     52     53 
    48 :     53     54 
    49 :     54     55 
    50 :     55     56 
    51 :     56     57 
    52 :     57     58 
    53 :     58     59 
    54 :     59     60 
    55 :     60      3 
    56 :      3     61 
    57 :     61     62 
    58 :     62     63 
    59 :     63      4 
    60 :      4     64 
    61 :     64      5 
    62 :      5     65 
    63 :     65     66 
    64 :     66     67 
    65 :     67     68 
    66 :     68     69 
    67 :     69     70 
    68 :     70     71 
    69 :     71     72 
    70 :     72     73 
    71 :     73     74 
    72 :     74     75 
    73 :     75     76 
    74 :     76     77 
    75 :     77     78 
    76 :     78     79 
    77 :     79     80 
    78 :     80     81 
    79 :     81     82 
    80 :     82     83 
    81 :     83     84 
    82 :     84     85 
    83 :     85     86 
    84 :     86     87 
    85 :     87     88 
    86 :     88     89 
    87 :     89     90 
    88 :     90     91 
    89 :     91     92 
    90 :     92     93 
    91 :     93     94 
    92 :     94     95 
    93 :     95      6 
    94 :      6     96 
    95 :     96     97 
    96 :     97     98 
    97 :     98     99 
    98 :     99    100 
    99 :    100    101 
   100 :    101    102 
   101 :    102    103 
   102 :    103    104 
   103 :    104    105 
   104 :    105    106 
   105 :    106    107 
   106 :    107    108 
   107 :    108    109 
   108 :    109    110 
   109 :    110    111 
   110 :    111    112 
   111 :    112    113 
   112 :    113    114 
   113 :    114      7 
   114 :      7    115 
   115 :    115    116 
   116 :    116    117 
   117 :    117    118 
   118 :    118    119 
   119 :    119      0 
Number of quads 178 
     0 :    150    161    210    185
     1 :    186    203    131    153
     2 :    133    185    158    176
     3 :    137    131    203    177
     4 :    154    138    148    158
     5 :    161    190    154    210
     6 :    188    153    189    205
     7 :    201    192    141    166
     8 :    183    193    160    155
     9 :    153    188    178    186
    10 :    205    194    199    182
    11 :    192    175    184    196
    12 :    181    191    198    159
    13 :    187    195    208    157
    14 :    191    181    206    209
    15 :    202    197    195    187
    16 :    238    151      2     34
    17 :    156    201    207    200
    18 :    155    160    197    202
    19 :    178    188    162    135
    20 :    114      7    115    149
    21 :     28      1     29    148
    22 :    127    161     96     97
    23 :    150      6     96    161
    24 :    206    181    168    126
    25 :    207    125    163    193
    26 :    238     95      6    151
    27 :    188    205    130    162
    28 :     63      4     64    152
    29 :     65    152     64      5
    30 :    205    189    122    194
    31 :    158    185    210    154
    32 :    208    129    165    182
    33 :    192    196    167    141
    34 :    162    112    113    135
    35 :    149    135    113    114
    36 :    148    138     27     28
    37 :    205    182    165    130
    38 :    208    195    164    129
    39 :    207    201    166    125
    40 :    161    127    142    190
    41 :    138    154    172    128
    42 :    198    190    142    159
    43 :    195    197    140    164
    44 :    130    111    112    162
    45 :    190    198    172    154
    46 :    137      8      9    131
    47 :    146    131      9     10
    48 :    206    126    167    196
    49 :    168    181    159    142
    50 :    132    140    197    160
    51 :    163    132    160    193
    52 :    174    199    194    122
    53 :    171    123    191    209
    54 :    163    105    106    132
    55 :    127     97     98    142
    56 :    140    132    106    107
    57 :    165    110    111    130
    58 :    164    108    109    129
    59 :    166    103    104    125
    60 :    167    101    102    141
    61 :    168     99    100    126
    62 :    140    107    108    164
    63 :    129    109    110    165
    64 :    141    102    103    166
    65 :    126    100    101    167
    66 :    142     98     99    168
    67 :    125    104    105    163
    68 :    170    200    183    143
    69 :    173    202    187    147
    70 :    234     91     92    235
    71 :    223     80     81    224
    72 :    231     88     89    232
    73 :    227     84     85    228
    74 :    229     86     87    230
    75 :    232     89     90    233
    76 :    230     87     88    231
    77 :    228     85     86    229
    78 :    226     83     84    227
    79 :    233     90     91    234
    80 :    235     92     93    236
    81 :    225     82     83    226
    82 :    224     81     82    225
    83 :    236     93     94    237
    84 :    237     94     95    238
    85 :    221     78     79    222
    86 :    222     79     80    223
    87 :    220     77     78    221
    88 :    219     76     77    220
    89 :    218     75     76    219
    90 :    217     74     75    218
    91 :    216     73     74    217
    92 :    215     72     73    216
    93 :    214     71     72    215
    94 :    213     70     71    214
    95 :    212     69     70    213
    96 :    146     10     11    169
    97 :    131    146    189    153
    98 :    224    225     47     48
    99 :    223    224     48     49
   100 :    222    223     49     50
   101 :    221    222     50     51
   102 :    220    221     51     52
   103 :    236    237     35     36
   104 :    237    238     34     35
   105 :    234    235     37     38
   106 :    228    229     43     44
   107 :    235    236     36     37
   108 :    227    228     44     45
   109 :    232    233     39     40
   110 :    225    226     46     47
   111 :    226    227     45     46
   112 :    229    230     42     43
   113 :    231    232     40     41
   114 :    233    234     38     39
   115 :    230    231     41     42
   116 :    219    220     52     53
   117 :    218    219     53     54
   118 :    217    218     54     55
   119 :    216    217     55     56
   120 :    215    216     56     57
   121 :    214    215     57     58
   122 :    213    214     58     59
   123 :    212    213     59     60
   124 :    122    189    146    169
   125 :    145    171    209    184
   126 :     60      3    211    212
   127 :    170    143     18     19
   128 :    170     19     20    121
   129 :    172     25     26    128
   130 :    171    145     22     23
   131 :    171     23     24    123
   132 :    172    123     24     25
   133 :    174     13     14    124
   134 :    169     11     12    122
   135 :    173     16     17    120
   136 :    138    128     26     27
   137 :    173    147     15     16
   138 :    174    122     12     13
   139 :    184    175    144    145
   140 :    183    155    120    143
   141 :    187    157    124    147
   142 :    200    170    121    156
   143 :    202    173    120    155
   144 :    199    174    124    157
   145 :    201    156    175    192
   146 :     69    212    211     68
   147 :    123    172    198    191
   148 :     17     18    143    120
   149 :     21     22    145    144
   150 :     20     21    144    121
   151 :     14     15    147    124
   152 :    144    175    156    121
   153 :    182    199    157    208
   154 :    196    184    209    206
   155 :    193    183    200    207
   156 :     68    211    204     67
   157 :    179    133     32     33
   158 :    176     31     32    133
   159 :    148    139    176    158
   160 :    176    139     30     31
   161 :    148     29     30    139
   162 :    177    134    117    118
   163 :    149    115    116    136
   164 :     67    204    180     66
   165 :      8    137    119      0
   166 :    177    118    119    137
   167 :      3     61    204    211
   168 :    177    203    186    134
   169 :    179     33      2    151
   170 :     61     62    180    204
   171 :    134    186    178    136
   172 :    135    149    136    178
   173 :    117    134    136    116
   174 :    185    133    179    150
   175 :     66    180    152     65
   176 :     62     63    152    180
   177 :    150    179    151      6
Number of domains 8
  Domain :      0 
  Name : Contre poid gauche
  Number of elements :     22
     0     1     2     3     4     5     6     7     8     9
    10    11    12    13    14    15    16    17    18    19
    20    21
  Domain :      1 
  Name : Contre poid haut
  Number of elements :      6
    22    23    24    25    26    27
  Domain :      2 
  Name : Entity 2 
  Number of elements :     28
    28    29    30    31    32    33    34    35    36    37
    38    39    40    41    42    43    44    45    46    47
    48    49    50    51    52    53    54    55
  Domain :      3 
  Name : Saut
  Number of elements :      4
    56    57    58    59
  Domain :      4 
  Name : Entity 4 
  Number of elements :      2
    60    61
  Domain :      5 
  Name : Entity 5 
  Number of elements :     32
    62    63    64    65    66    67    68    69    70    71
    72    73    74    75    76    77    78    79    80    81
    82    83    84    85    86    87    88    89    90    91
    92    93
  Domain :      6 
  Name : Contre poid droit
  Number of elements :     20
    94    95    96    97    98    99   100   101   102   103
   104   105   106   107   108   109   110   111   112   113
  Domain :      7 
  Name : Contre poid bas
  Number of elements :      6
   114   115   116   117   118   119
