Number of nodes 254 
     0 :  0.0000000e+00  0.0000000e+00 
     1 :  0.0000000e+00  1.0700000e+00 
     2 :  2.5000000e-01  1.0700000e+00 
     3 :  1.6000000e+00  1.0700000e+00 
     4 :  1.8000000e+00  1.0700000e+00 
     5 :  1.8000000e+00  1.0000000e+00 
     6 :  2.5000000e-01  1.0000000e+00 
     7 :  2.5000000e-01  0.0000000e+00 
     8 :  0.0000000e+00  4.8636364e-02 
     9 :  0.0000000e+00  9.7272727e-02 
    10 :  0.0000000e+00  1.4590909e-01 
    11 :  0.0000000e+00  1.9454545e-01 
    12 :  0.0000000e+00  2.4318182e-01 
    13 :  0.0000000e+00  2.9181818e-01 
    14 :  0.0000000e+00  3.4045455e-01 
    15 :  0.0000000e+00  3.8909091e-01 
    16 :  0.0000000e+00  4.3772727e-01 
    17 :  0.0000000e+00  4.8636364e-01 
    18 :  0.0000000e+00  5.3500000e-01 
    19 :  0.0000000e+00  5.8363636e-01 
    20 :  0.0000000e+00  6.3227273e-01 
    21 :  0.0000000e+00  6.8090909e-01 
    22 :  0.0000000e+00  7.2954545e-01 
    23 :  0.0000000e+00  7.7818182e-01 
    24 :  0.0000000e+00  8.2681818e-01 
    25 :  0.0000000e+00  8.7545455e-01 
    26 :  0.0000000e+00  9.2409091e-01 
    27 :  0.0000000e+00  9.7272727e-01 
    28 :  0.0000000e+00  1.0213636e+00 
    29 :  5.0000000e-02  1.0700000e+00 
    30 :  1.0000000e-01  1.0700000e+00 
    31 :  1.5000000e-01  1.0700000e+00 
    32 :  2.0000000e-01  1.0700000e+00 
    33 :  3.0000000e-01  1.0700000e+00 
    34 :  3.5000000e-01  1.0700000e+00 
    35 :  4.0000000e-01  1.0700000e+00 
    36 :  4.5000000e-01  1.0700000e+00 
    37 :  5.0000000e-01  1.0700000e+00 
    38 :  5.5000000e-01  1.0700000e+00 
    39 :  6.0000000e-01  1.0700000e+00 
    40 :  6.5000000e-01  1.0700000e+00 
    41 :  7.0000000e-01  1.0700000e+00 
    42 :  7.5000000e-01  1.0700000e+00 
    43 :  8.0000000e-01  1.0700000e+00 
    44 :  8.5000000e-01  1.0700000e+00 
    45 :  9.0000000e-01  1.0700000e+00 
    46 :  9.5000000e-01  1.0700000e+00 
    47 :  1.0000000e+00  1.0700000e+00 
    48 :  1.0500000e+00  1.0700000e+00 
    49 :  1.1000000e+00  1.0700000e+00 
    50 :  1.1500000e+00  1.0700000e+00 
    51 :  1.2000000e+00  1.0700000e+00 
    52 :  1.2500000e+00  1.0700000e+00 
    53 :  1.3000000e+00  1.0700000e+00 
    54 :  1.3500000e+00  1.0700000e+00 
    55 :  1.4000000e+00  1.0700000e+00 
    56 :  1.4500000e+00  1.0700000e+00 
    57 :  1.5000000e+00  1.0700000e+00 
    58 :  1.5500000e+00  1.0700000e+00 
    59 :  1.6500000e+00  1.0700000e+00 
    60 :  1.7000000e+00  1.0700000e+00 
    61 :  1.7500000e+00  1.0700000e+00 
    62 :  1.8000000e+00  1.0350000e+00 
    63 :  1.7500000e+00  1.0000000e+00 
    64 :  1.7000000e+00  1.0000000e+00 
    65 :  1.6500000e+00  1.0000000e+00 
    66 :  1.6000000e+00  1.0000000e+00 
    67 :  1.5500000e+00  1.0000000e+00 
    68 :  1.5000000e+00  1.0000000e+00 
    69 :  1.4500000e+00  1.0000000e+00 
    70 :  1.4000000e+00  1.0000000e+00 
    71 :  1.3500000e+00  1.0000000e+00 
    72 :  1.3000000e+00  1.0000000e+00 
    73 :  1.2500000e+00  1.0000000e+00 
    74 :  1.2000000e+00  1.0000000e+00 
    75 :  1.1500000e+00  1.0000000e+00 
    76 :  1.1000000e+00  1.0000000e+00 
    77 :  1.0500000e+00  1.0000000e+00 
    78 :  1.0000000e+00  1.0000000e+00 
    79 :  9.5000000e-01  1.0000000e+00 
    80 :  9.0000000e-01  1.0000000e+00 
    81 :  8.5000000e-01  1.0000000e+00 
    82 :  8.0000000e-01  1.0000000e+00 
    83 :  7.5000000e-01  1.0000000e+00 
    84 :  7.0000000e-01  1.0000000e+00 
    85 :  6.5000000e-01  1.0000000e+00 
    86 :  6.0000000e-01  1.0000000e+00 
    87 :  5.5000000e-01  1.0000000e+00 
    88 :  5.0000000e-01  1.0000000e+00 
    89 :  4.5000000e-01  1.0000000e+00 
    90 :  4.0000000e-01  1.0000000e+00 
    91 :  3.5000000e-01  1.0000000e+00 
    92 :  3.0000000e-01  1.0000000e+00 
    93 :  2.5000000e-01  9.5000000e-01 
    94 :  2.5000000e-01  9.0000000e-01 
    95 :  2.5000000e-01  8.5000000e-01 
    96 :  2.5000000e-01  8.0000000e-01 
    97 :  2.5000000e-01  7.5000000e-01 
    98 :  2.5000000e-01  7.0000000e-01 
    99 :  2.5000000e-01  6.5000000e-01 
   100 :  2.5000000e-01  6.0000000e-01 
   101 :  2.5000000e-01  5.5000000e-01 
   102 :  2.5000000e-01  5.0000000e-01 
   103 :  2.5000000e-01  4.5000000e-01 
   104 :  2.5000000e-01  4.0000000e-01 
   105 :  2.5000000e-01  3.5000000e-01 
   106 :  2.5000000e-01  3.0000000e-01 
   107 :  2.5000000e-01  2.5000000e-01 
   108 :  2.5000000e-01  2.0000000e-01 
   109 :  2.5000000e-01  1.5000000e-01 
   110 :  2.5000000e-01  1.0000000e-01 
   111 :  2.5000000e-01  5.0000000e-02 
   112 :  2.0000000e-01  0.0000000e+00 
   113 :  1.5000000e-01  0.0000000e+00 
   114 :  1.0000000e-01  0.0000000e+00 
   115 :  5.0000000e-02  0.0000000e+00 
   116 :  4.2120326e-02  1.7022727e-01 
   117 :  4.2120326e-02  2.6750000e-01 
   118 :  4.0120914e-02  3.6809802e-01 
   119 :  3.9167099e-02  4.6634237e-01 
   120 :  3.9005204e-02  5.6420386e-01 
   121 :  3.9068212e-02  6.6268619e-01 
   122 :  4.2749100e-02  7.5337116e-01 
   123 :  4.2744685e-02  8.5094952e-01 
   124 :  4.5017145e-02  9.4748961e-01 
   125 :  2.0658712e-01  1.2515366e-01 
   126 :  2.0679656e-01  2.2492665e-01 
   127 :  2.0677155e-01  3.2480057e-01 
   128 :  2.0677499e-01  4.2489039e-01 
   129 :  2.0678381e-01  5.2487512e-01 
   130 :  2.0674834e-01  6.2483748e-01 
   131 :  2.0679656e-01  7.2492665e-01 
   132 :  2.0676139e-01  8.2483836e-01 
   133 :  2.0673917e-01  9.2492689e-01 
   134 :  1.2322758e-01  1.0209247e+00 
   135 :  1.2442073e-01  3.3608836e-02 
   136 :  4.2120326e-02  7.2954545e-02 
   137 :  2.0678142e-01  1.7502811e-01 
   138 :  1.6371727e-01  1.9998002e-01 
   139 :  1.6368165e-01  2.4964208e-01 
   140 :  1.2144069e-01  2.2282536e-01 
   141 :  1.2139974e-01  2.7170652e-01 
   142 :  1.2157696e-01  1.7319326e-01 
   143 :  1.6338027e-01  2.9910610e-01 
   144 :  1.2216425e-01  3.2291483e-01 
   145 :  1.6371121e-01  1.4995273e-01 
   146 :  1.2221254e-01  1.2523253e-01 
   147 :  1.6548352e-01  1.0030580e-01 
   148 :  2.0730567e-01  7.5368680e-02 
   149 :  2.0678484e-01  4.7488083e-01 
   150 :  1.6367985e-01  4.9980980e-01 
   151 :  1.6363052e-01  5.4955380e-01 
   152 :  1.2189007e-01  5.2464589e-01 
   153 :  1.2192276e-01  5.7411859e-01 
   154 :  1.2206428e-01  4.7476754e-01 
   155 :  8.1384023e-02  4.9596162e-01 
   156 :  1.6385549e-01  5.9949184e-01 
   157 :  1.2221730e-01  6.2456695e-01 
   158 :  8.1455997e-02  5.9497983e-01 
   159 :  2.0680850e-01  3.7493375e-01 
   160 :  1.6370802e-01  3.9988650e-01 
   161 :  1.6394903e-01  4.4981740e-01 
   162 :  1.2218583e-01  4.2492697e-01 
   163 :  1.2232189e-01  3.7453756e-01 
   164 :  8.1626798e-02  3.9677128e-01 
   165 :  2.0680829e-01  6.7497542e-01 
   166 :  1.6372175e-01  6.9997124e-01 
   167 :  1.6368240e-01  7.4964062e-01 
   168 :  1.2200692e-01  7.2479040e-01 
   169 :  1.2210603e-01  7.7425254e-01 
   170 :  1.2249721e-01  6.7486172e-01 
   171 :  7.7519692e-02  7.0077510e-01 
   172 :  1.6376357e-01  7.9941746e-01 
   173 :  1.2226711e-01  8.2456757e-01 
   174 :  7.7542654e-02  7.9930175e-01 
   175 :  1.6412787e-01  6.4987100e-01 
   176 :  1.6419241e-01  3.4936322e-01 
   177 :  2.0678598e-01  8.7497237e-01 
   178 :  1.6365207e-01  8.9997004e-01 
   179 :  1.6267866e-01  9.4813684e-01 
   180 :  1.2176245e-01  9.2457211e-01 
   181 :  1.2251125e-01  9.7030524e-01 
   182 :  1.2245036e-01  8.7479060e-01 
   183 :  7.7818608e-02  8.9999895e-01 
   184 :  1.6396030e-01  8.4991098e-01 
   185 :  2.0297724e-01  9.8143919e-01 
   186 :  7.3226787e-02  1.0288309e+00 
   187 :  1.7545369e-01  1.0271035e+00 
   188 :  2.0683636e-01  5.7479304e-01 
   189 :  2.0682224e-01  2.7478608e-01 
   190 :  2.0683398e-01  7.7480385e-01 
   191 :  4.1180318e-02  1.2159091e-01 
   192 :  4.0997830e-02  3.1822156e-01 
   193 :  4.2120326e-02  2.1886364e-01 
   194 :  8.0892886e-02  9.8658014e-02 
   195 :  7.8853785e-02  4.5100388e-02 
   196 :  1.7061160e-01  4.4560321e-02 
   197 :  4.0381931e-02  9.9690597e-01 
   198 :  8.0620484e-02  1.9513455e-01 
   199 :  8.0593153e-02  1.4643035e-01 
   200 :  8.0523354e-02  2.4392649e-01 
   201 :  8.1893313e-02  2.9565164e-01 
   202 :  8.1520832e-02  3.4603248e-01 
   203 :  8.0472812e-02  4.4536314e-01 
   204 :  4.0231271e-02  4.1723217e-01 
   205 :  4.0697866e-02  5.1619800e-01 
   206 :  7.9733664e-02  6.4430406e-01 
   207 :  8.1059320e-02  5.4501797e-01 
   208 :  3.9877179e-02  6.1368051e-01 
   209 :  8.8564684e-02  8.4992168e-01 
   210 :  3.1867401e-02  7.0545740e-01 
   211 :  8.8384880e-02  7.5049819e-01 
   212 :  3.2607288e-02  8.0172449e-01 
   213 :  2.2034309e-01  1.0304195e+00 
   214 :  3.3116087e-02  8.9959671e-01 
   215 :  8.8820373e-02  9.4718242e-01 
   216 :  1.5750000e+00  1.0350000e+00 
   217 :  1.6250000e+00  1.0350000e+00 
   218 :  2.7422385e-01  1.0342366e+00 
   219 :  3.2487064e-01  1.0348728e+00 
   220 :  1.6750000e+00  1.0350000e+00 
   221 :  3.7497844e-01  1.0349788e+00 
   222 :  4.2499641e-01  1.0349965e+00 
   223 :  4.7499940e-01  1.0349994e+00 
   224 :  1.7321429e+00  1.0350000e+00 
   225 :  1.5250000e+00  1.0350000e+00 
   226 :  1.4750000e+00  1.0350000e+00 
   227 :  5.2499990e-01  1.0349999e+00 
   228 :  1.4250000e+00  1.0350000e+00 
   229 :  5.7499998e-01  1.0350000e+00 
   230 :  1.3750000e+00  1.0350000e+00 
   231 :  1.3250000e+00  1.0350000e+00 
   232 :  6.2500000e-01  1.0350000e+00 
   233 :  1.2750000e+00  1.0350000e+00 
   234 :  6.7500000e-01  1.0350000e+00 
   235 :  1.2250000e+00  1.0350000e+00 
   236 :  7.2500000e-01  1.0350000e+00 
   237 :  1.1750000e+00  1.0350000e+00 
   238 :  7.7500000e-01  1.0350000e+00 
   239 :  1.1250000e+00  1.0350000e+00 
   240 :  8.2500000e-01  1.0350000e+00 
   241 :  8.7500000e-01  1.0350000e+00 
   242 :  1.0750000e+00  1.0350000e+00 
   243 :  1.0250000e+00  1.0350000e+00 
   244 :  9.2500000e-01  1.0350000e+00 
   245 :  9.7500000e-01  1.0350000e+00 
   246 :  1.2290789e-01  7.9446129e-02 
   247 :  1.5768542e-01  9.8973674e-01 
   248 :  8.4135756e-02  9.8868835e-01 
   249 :  3.2721744e-02  1.0374201e+00 
   250 :  2.1321605e-01  3.6783952e-02 
   251 :  3.5743597e-02  3.5363001e-02 
   252 :  1.7724490e+00  1.0475000e+00 
   253 :  1.7729175e+00  1.0205612e+00 
Number of edges 116 
     0 :      0      8 
     1 :      8      9 
     2 :      9     10 
     3 :     10     11 
     4 :     11     12 
     5 :     12     13 
     6 :     13     14 
     7 :     14     15 
     8 :     15     16 
     9 :     16     17 
    10 :     17     18 
    11 :     18     19 
    12 :     19     20 
    13 :     20     21 
    14 :     21     22 
    15 :     22     23 
    16 :     23     24 
    17 :     24     25 
    18 :     25     26 
    19 :     26     27 
    20 :     27     28 
    21 :     28      1 
    22 :      1     29 
    23 :     29     30 
    24 :     30     31 
    25 :     31     32 
    26 :     32      2 
    27 :      2     33 
    28 :     33     34 
    29 :     34     35 
    30 :     35     36 
    31 :     36     37 
    32 :     37     38 
    33 :     38     39 
    34 :     39     40 
    35 :     40     41 
    36 :     41     42 
    37 :     42     43 
    38 :     43     44 
    39 :     44     45 
    40 :     45     46 
    41 :     46     47 
    42 :     47     48 
    43 :     48     49 
    44 :     49     50 
    45 :     50     51 
    46 :     51     52 
    47 :     52     53 
    48 :     53     54 
    49 :     54     55 
    50 :     55     56 
    51 :     56     57 
    52 :     57     58 
    53 :     58      3 
    54 :      3     59 
    55 :     59     60 
    56 :     60     61 
    57 :     61      4 
    58 :      4     62 
    59 :     62      5 
    60 :      5     63 
    61 :     63     64 
    62 :     64     65 
    63 :     65     66 
    64 :     66     67 
    65 :     67     68 
    66 :     68     69 
    67 :     69     70 
    68 :     70     71 
    69 :     71     72 
    70 :     72     73 
    71 :     73     74 
    72 :     74     75 
    73 :     75     76 
    74 :     76     77 
    75 :     77     78 
    76 :     78     79 
    77 :     79     80 
    78 :     80     81 
    79 :     81     82 
    80 :     82     83 
    81 :     83     84 
    82 :     84     85 
    83 :     85     86 
    84 :     86     87 
    85 :     87     88 
    86 :     88     89 
    87 :     89     90 
    88 :     90     91 
    89 :     91     92 
    90 :     92      6 
    91 :      6     93 
    92 :     93     94 
    93 :     94     95 
    94 :     95     96 
    95 :     96     97 
    96 :     97     98 
    97 :     98     99 
    98 :     99    100 
    99 :    100    101 
   100 :    101    102 
   101 :    102    103 
   102 :    103    104 
   103 :    104    105 
   104 :    105    106 
   105 :    106    107 
   106 :    107    108 
   107 :    108    109 
   108 :    109    110 
   109 :    110    111 
   110 :    111      7 
   111 :      7    112 
   112 :    112    113 
   113 :    113    114 
   114 :    114    115 
   115 :    115      0 
Number of triangles 390 
     0 :    147    196    246
     1 :    196    135    246
     2 :    206    158    208
     3 :    121    206    208
     4 :    122    171    210
     5 :    171    122    211
     6 :    174    123    209
     7 :    123    174    212
     8 :    155    205    207
     9 :    205    120    207
    10 :    195    194    246
    11 :    185    187    213
    12 :    203    164    204
    13 :    123    183    209
    14 :     61      4    252
    15 :      5     63    253
    16 :    119    203    204
    17 :    201    192    202
    18 :    183    123    214
    19 :    224    252    253
    20 :    183    124    215
    21 :    135    195    246
    22 :    124    183    214
    23 :    147    148    196
    24 :    187    185    247
    25 :    144    201    202
    26 :    122    174    211
    27 :    174    122    212
    28 :    121    171    206
    29 :    124    197    248
    30 :    171    121    210
    31 :    157    170    175
    32 :    136    194    195
    33 :    173    182    184
    34 :    144    163    176
    35 :      6    185    213
    36 :    215    124    248
    37 :    213      2    218
    38 :    156    157    175
    39 :    130    156    175
    40 :    172    173    184
    41 :    143    144    176
    42 :    132    172    184
    43 :    134    181    248
    44 :    127    143    176
    45 :    154    161    162
    46 :    192    118    202
    47 :    156    130    188
    48 :    150    149    161
    49 :    143    127    189
    50 :    172    132    190
    51 :    110    111    148
    52 :    154    150    161
    53 :    120    158    207
    54 :    170    166    175
    55 :    182    178    184
    56 :    163    160    176
    57 :    142    138    145
    58 :    128    159    160
    59 :    129    149    150
    60 :    125    110    148
    61 :    160    159    176
    62 :    166    165    175
    63 :    127    106    189
    64 :    132     96    190
    65 :    138    137    145
    66 :    178    177    184
    67 :    130    100    188
    68 :    149    128    161
    69 :    165    130    175
    70 :    177    132    184
    71 :    137    125    145
    72 :    129    102    149
    73 :    109    125    137
    74 :    128    104    159
    75 :     99    130    165
    76 :    129    151    188
    77 :     30    134    186
    78 :    151    156    188
    79 :     95    132    177
    80 :    119    155    203
    81 :    161    160    162
    82 :    151    150    152
    83 :    162    163    164
    84 :    152    154    155
    85 :    168    170    171
    86 :    139    138    140
    87 :    167    166    168
    88 :    126    137    138
    89 :    131    165    166
    90 :    142    145    146
    91 :    180    182    183
    92 :    128    160    161
    93 :    129    150    151
    94 :    157    153    158
    95 :    126    139    189
    96 :    131    167    190
    97 :    173    169    174
    98 :    133    177    178
    99 :    139    143    189
   100 :    167    172    190
   101 :      6     93    185
   102 :    180    178    182
   103 :    159    127    176
   104 :    151    152    153
   105 :    162    160    163
   106 :    152    150    154
   107 :    139    140    141
   108 :    167    168    169
   109 :    168    166    170
   110 :    126    138    139
   111 :    131    166    167
   112 :    179    178    180
   113 :    140    138    142
   114 :    103    128    149
   115 :    126    108    137
   116 :    105    127    159
   117 :    131     98    165
   118 :     29     30    186
   119 :    145    125    147
   120 :    133     94    177
   121 :     30     31    134
   122 :    107    108    126
   123 :    103    104    128
   124 :    109    110    125
   125 :    105    106    127
   126 :    101    102    129
   127 :     99    100    130
   128 :     95     96    132
   129 :     97     98    131
   130 :    147    125    148
   131 :    134     31    187
   132 :    133    178    179
   133 :     93     94    133
   134 :    102    103    149
   135 :    108    109    137
   136 :    104    105    159
   137 :     98     99    165
   138 :    179    180    181
   139 :     94     95    177
   140 :    156    153    157
   141 :    186    134    248
   142 :    143    141    144
   143 :    172    169    173
   144 :    113    114    135
   145 :    101    129    188
   146 :     93    133    185
   147 :    100    101    188
   148 :    107    126    189
   149 :     97    131    190
   150 :    158    120    208
   151 :     31     32    187
   152 :    106    107    189
   153 :     96     97    190
   154 :    151    153    156
   155 :    167    169    172
   156 :    139    141    143
   157 :    133    179    185
   158 :    146    145    147
   159 :     18     19    120
   160 :     22     23    122
   161 :     24     25    123
   162 :     20     21    121
   163 :     14     15    118
   164 :     13     14    192
   165 :     11     12    193
   166 :     10     11    116
   167 :     16     17    119
   168 :     12     13    117
   169 :      9     10    191
   170 :      8      9    136
   171 :    117     13    192
   172 :     14    118    192
   173 :     12    117    193
   174 :    116     11    193
   175 :     26     27    124
   176 :     10    116    191
   177 :    136      9    191
   178 :    118    164    202
   179 :    144    141    201
   180 :    155    119    205
   181 :      6    213    218
   182 :    141    140    200
   183 :    157    158    206
   184 :    114    115    195
   185 :    140    142    198
   186 :    141    200    201
   187 :    112    113    196
   188 :    164    163    202
   189 :    173    174    209
   190 :     27     28    197
   191 :    140    198    200
   192 :    162    164    203
   193 :    171    170    206
   194 :    142    146    199
   195 :    183    182    209
   196 :    155    154    203
   197 :    164    118    204
   198 :    198    142    199
   199 :    152    155    207
   200 :    136    191    194
   201 :    158    153    207
   202 :    168    171    211
   203 :    174    169    211
   204 :    180    183    215
   205 :    181    134    247
   206 :     16    119    204
   207 :    118     15    204
   208 :    135    114    195
   209 :     18    120    205
   210 :    119     17    205
   211 :     32      2    213
   212 :    113    135    196
   213 :      1     29    249
   214 :     20    121    208
   215 :    120     19    208
   216 :     28      1    249
   217 :     22    122    210
   218 :    121     21    210
   219 :     63    224    253
   220 :    224     61    252
   221 :    124     27    197
   222 :     24    123    212
   223 :    122     23    212
   224 :    123     25    214
   225 :     26    124    214
   226 :    163    144    202
   227 :    194    191    199
   228 :      7    112    250
   229 :    111      7    250
   230 :    185    179    247
   231 :    170    157    206
   232 :    146    194    199
   233 :    115      0    251
   234 :      0      8    251
   235 :    182    173    209
   236 :    154    162    203
   237 :    116    193    198
   238 :    134    187    247
   239 :    191    116    199
   240 :    116    198    199
   241 :    193    117    200
   242 :    198    193    200
   243 :    117    192    201
   244 :    200    117    201
   245 :     15     16    204
   246 :     17     18    205
   247 :    153    152    207
   248 :     19     20    208
   249 :    169    168    211
   250 :     21     22    210
   251 :     23     24    212
   252 :    187     32    213
   253 :     25     26    214
   254 :    181    180    215
   255 :    243     78    245
   256 :     47    243    245
   257 :     78     79    245
   258 :     79    244    245
   259 :     47     48    243
   260 :     79     80    244
   261 :     80     81    241
   262 :     48     49    242
   263 :     81     82    240
   264 :     49     50    239
   265 :     82     83    238
   266 :     48    242    243
   267 :     80    241    244
   268 :     50     51    237
   269 :     58      3    216
   270 :     51     52    235
   271 :     83     84    236
   272 :     81    240    241
   273 :     84     85    234
   274 :     82    238    240
   275 :     52     53    233
   276 :     49    239    242
   277 :     53     54    231
   278 :     85     86    232
   279 :     50    237    239
   280 :     54     55    230
   281 :     83    236    238
   282 :     51    235    237
   283 :     52    233    235
   284 :     86     87    229
   285 :     64    220    224
   286 :     64     65    220
   287 :     55     56    228
   288 :     84    234    236
   289 :     53    231    233
   290 :     87     88    227
   291 :     63     64    224
   292 :     65     66    217
   293 :     88     89    223
   294 :     85    232    234
   295 :     56     57    226
   296 :     54    230    231
   297 :     57     58    225
   298 :     86    229    232
   299 :     89     90    222
   300 :     55    228    230
   301 :     90     91    221
   302 :     58    216    225
   303 :     56    226    228
   304 :     66     67    216
   305 :     87    227    229
   306 :      3     59    217
   307 :     91     92    219
   308 :     65    217    220
   309 :     57    225    226
   310 :     59     60    220
   311 :     60     61    224
   312 :     92      6    218
   313 :      2     33    218
   314 :     89    222    223
   315 :     88    223    227
   316 :     90    221    222
   317 :     33     34    219
   318 :     34     35    221
   319 :     91    219    221
   320 :    216     67    225
   321 :    217     59    220
   322 :    220     60    224
   323 :    218     33    219
   324 :    219     34    221
   325 :     35     36    222
   326 :     92    218    219
   327 :    221     35    222
   328 :    216      3    217
   329 :     36     37    223
   330 :     67     68    225
   331 :    222     36    223
   332 :     68     69    226
   333 :    225     68    226
   334 :     37     38    227
   335 :    223     37    227
   336 :     69     70    228
   337 :    226     69    228
   338 :     70     71    230
   339 :     38     39    229
   340 :     66    216    217
   341 :    228     70    230
   342 :    227     38    229
   343 :     39     40    232
   344 :     71     72    231
   345 :    230     71    231
   346 :    229     39    232
   347 :     72     73    233
   348 :     40     41    234
   349 :    231     72    233
   350 :    232     40    234
   351 :     73     74    235
   352 :    233     73    235
   353 :     41     42    236
   354 :    234     41    236
   355 :     74     75    237
   356 :    235     74    237
   357 :     42     43    238
   358 :     75     76    239
   359 :    236     42    238
   360 :     43     44    240
   361 :    237     75    239
   362 :    238     43    240
   363 :     77     78    243
   364 :     44     45    241
   365 :     76     77    242
   366 :     45     46    244
   367 :    240     44    241
   368 :     46     47    245
   369 :    244     46    245
   370 :    239     76    242
   371 :    242     77    243
   372 :    241     45    244
   373 :    146    147    246
   374 :    195    115    251
   375 :    179    181    247
   376 :    148    111    250
   377 :    112    196    250
   378 :     29    186    249
   379 :    194    146    246
   380 :    197     28    249
   381 :    197    186    248
   382 :    136    195    251
   383 :      8    136    251
   384 :    196    148    250
   385 :      4     62    252
   386 :     62      5    253
   387 :    186    197    249
   388 :    181    215    248
   389 :    252     62    253
Number of domains 8
  Domain :      0 
  Name : Contre poid gauche
  Number of elements :     22
     0     1     2     3     4     5     6     7     8     9
    10    11    12    13    14    15    16    17    18    19
    20    21
  Domain :      1 
  Name : Contre poid haut
  Number of elements :      5
    22    23    24    25    26
  Domain :      2 
  Name : Entity 2 
  Number of elements :     27
    27    28    29    30    31    32    33    34    35    36
    37    38    39    40    41    42    43    44    45    46
    47    48    49    50    51    52    53
  Domain :      3 
  Name : Saut
  Number of elements :      4
    54    55    56    57
  Domain :      4 
  Name : Entity 4 
  Number of elements :      2
    58    59
  Domain :      5 
  Name : Entity 5 
  Number of elements :     31
    60    61    62    63    64    65    66    67    68    69
    70    71    72    73    74    75    76    77    78    79
    80    81    82    83    84    85    86    87    88    89
    90
  Domain :      6 
  Name : Contre poid droit
  Number of elements :     20
    91    92    93    94    95    96    97    98    99   100
   101   102   103   104   105   106   107   108   109   110
  Domain :      7 
  Name : Contre poid bas
  Number of elements :      5
   111   112   113   114   115
