Number of nodes 889 
     0 :  0.0000000e+00  0.0000000e+00 
     1 :  0.0000000e+00  1.0700000e+00 
     2 :  2.5000000e-01  1.0700000e+00 
     3 :  1.6000000e+00  1.0700000e+00 
     4 :  1.8000000e+00  1.0700000e+00 
     5 :  1.8000000e+00  1.0000000e+00 
     6 :  2.5000000e-01  1.0000000e+00 
     7 :  2.5000000e-01  0.0000000e+00 
     8 :  0.0000000e+00  4.8636364e-02 
     9 :  0.0000000e+00  9.7272727e-02 
    10 :  0.0000000e+00  1.4590909e-01 
    11 :  0.0000000e+00  1.9454545e-01 
    12 :  0.0000000e+00  2.4318182e-01 
    13 :  0.0000000e+00  2.9181818e-01 
    14 :  0.0000000e+00  3.4045455e-01 
    15 :  0.0000000e+00  3.8909091e-01 
    16 :  0.0000000e+00  4.3772727e-01 
    17 :  0.0000000e+00  4.8636364e-01 
    18 :  0.0000000e+00  5.3500000e-01 
    19 :  0.0000000e+00  5.8363636e-01 
    20 :  0.0000000e+00  6.3227273e-01 
    21 :  0.0000000e+00  6.8090909e-01 
    22 :  0.0000000e+00  7.2954545e-01 
    23 :  0.0000000e+00  7.7818182e-01 
    24 :  0.0000000e+00  8.2681818e-01 
    25 :  0.0000000e+00  8.7545455e-01 
    26 :  0.0000000e+00  9.2409091e-01 
    27 :  0.0000000e+00  9.7272727e-01 
    28 :  0.0000000e+00  1.0213636e+00 
    29 :  4.4018815e-02  1.0700000e+00 
    30 :  8.7068804e-02  1.0700000e+00 
    31 :  1.2917129e-01  1.0700000e+00 
    32 :  1.7034714e-01  1.0700000e+00 
    33 :  2.1061671e-01  1.0700000e+00 
    34 :  2.9252214e-01  1.0700000e+00 
    35 :  3.3401106e-01  1.0700000e+00 
    36 :  3.7449186e-01  1.0700000e+00 
    37 :  4.1398905e-01  1.0700000e+00 
    38 :  4.5252653e-01  1.0700000e+00 
    39 :  4.9012760e-01  1.0700000e+00 
    40 :  5.2681504e-01  1.0700000e+00 
    41 :  5.6261102e-01  1.0700000e+00 
    42 :  5.9753722e-01  1.0700000e+00 
    43 :  6.3161478e-01  1.0700000e+00 
    44 :  6.6486430e-01  1.0700000e+00 
    45 :  6.9730592e-01  1.0700000e+00 
    46 :  7.2895926e-01  1.0700000e+00 
    47 :  7.5984347e-01  1.0700000e+00 
    48 :  7.8997724e-01  1.0700000e+00 
    49 :  8.1937882e-01  1.0700000e+00 
    50 :  8.4806598e-01  1.0700000e+00 
    51 :  8.7605611e-01  1.0700000e+00 
    52 :  9.0336610e-01  1.0700000e+00 
    53 :  9.3001252e-01  1.0700000e+00 
    54 :  9.5601146e-01  1.0700000e+00 
    55 :  9.8137868e-01  1.0700000e+00 
    56 :  1.0061295e+00  1.0700000e+00 
    57 :  1.0302789e+00  1.0700000e+00 
    58 :  1.0538416e+00  1.0700000e+00 
    59 :  1.0768317e+00  1.0700000e+00 
    60 :  1.0992632e+00  1.0700000e+00 
    61 :  1.1211496e+00  1.0700000e+00 
    62 :  1.1425042e+00  1.0700000e+00 
    63 :  1.1633400e+00  1.0700000e+00 
    64 :  1.1836694e+00  1.0700000e+00 
    65 :  1.2035049e+00  1.0700000e+00 
    66 :  1.2228585e+00  1.0700000e+00 
    67 :  1.2417417e+00  1.0700000e+00 
    68 :  1.2601662e+00  1.0700000e+00 
    69 :  1.2781429e+00  1.0700000e+00 
    70 :  1.2956829e+00  1.0700000e+00 
    71 :  1.3127966e+00  1.0700000e+00 
    72 :  1.3294945e+00  1.0700000e+00 
    73 :  1.3457867e+00  1.0700000e+00 
    74 :  1.3616830e+00  1.0700000e+00 
    75 :  1.3771931e+00  1.0700000e+00 
    76 :  1.3923263e+00  1.0700000e+00 
    77 :  1.4070918e+00  1.0700000e+00 
    78 :  1.4214985e+00  1.0700000e+00 
    79 :  1.4355551e+00  1.0700000e+00 
    80 :  1.4492702e+00  1.0700000e+00 
    81 :  1.4626520e+00  1.0700000e+00 
    82 :  1.4757087e+00  1.0700000e+00 
    83 :  1.4884481e+00  1.0700000e+00 
    84 :  1.5008780e+00  1.0700000e+00 
    85 :  1.5130059e+00  1.0700000e+00 
    86 :  1.5248390e+00  1.0700000e+00 
    87 :  1.5363847e+00  1.0700000e+00 
    88 :  1.5476498e+00  1.0700000e+00 
    89 :  1.5586411e+00  1.0700000e+00 
    90 :  1.5693654e+00  1.0700000e+00 
    91 :  1.5798291e+00  1.0700000e+00 
    92 :  1.5900386e+00  1.0700000e+00 
    93 :  1.6097805e+00  1.0700000e+00 
    94 :  1.6193219e+00  1.0700000e+00 
    95 :  1.6286300e+00  1.0700000e+00 
    96 :  1.6377105e+00  1.0700000e+00 
    97 :  1.6465690e+00  1.0700000e+00 
    98 :  1.6552109e+00  1.0700000e+00 
    99 :  1.6636414e+00  1.0700000e+00 
   100 :  1.6718659e+00  1.0700000e+00 
   101 :  1.6798892e+00  1.0700000e+00 
   102 :  1.6877163e+00  1.0700000e+00 
   103 :  1.6953521e+00  1.0700000e+00 
   104 :  1.7028011e+00  1.0700000e+00 
   105 :  1.7100681e+00  1.0700000e+00 
   106 :  1.7171573e+00  1.0700000e+00 
   107 :  1.7240732e+00  1.0700000e+00 
   108 :  1.7308200e+00  1.0700000e+00 
   109 :  1.7374018e+00  1.0700000e+00 
   110 :  1.7438227e+00  1.0700000e+00 
   111 :  1.7500865e+00  1.0700000e+00 
   112 :  1.7561973e+00  1.0700000e+00 
   113 :  1.7621586e+00  1.0700000e+00 
   114 :  1.7679741e+00  1.0700000e+00 
   115 :  1.7736475e+00  1.0700000e+00 
   116 :  1.7791821e+00  1.0700000e+00 
   117 :  1.7845814e+00  1.0700000e+00 
   118 :  1.7898487e+00  1.0700000e+00 
   119 :  1.7949872e+00  1.0700000e+00 
   120 :  1.8000000e+00  1.0650000e+00 
   121 :  1.8000000e+00  1.0600000e+00 
   122 :  1.8000000e+00  1.0550000e+00 
   123 :  1.8000000e+00  1.0500000e+00 
   124 :  1.8000000e+00  1.0450000e+00 
   125 :  1.8000000e+00  1.0400000e+00 
   126 :  1.8000000e+00  1.0350000e+00 
   127 :  1.8000000e+00  1.0300000e+00 
   128 :  1.8000000e+00  1.0250000e+00 
   129 :  1.8000000e+00  1.0200000e+00 
   130 :  1.8000000e+00  1.0150000e+00 
   131 :  1.8000000e+00  1.0100000e+00 
   132 :  1.8000000e+00  1.0050000e+00 
   133 :  1.7949510e+00  1.0000000e+00 
   134 :  1.7897745e+00  1.0000000e+00 
   135 :  1.7844674e+00  1.0000000e+00 
   136 :  1.7790262e+00  1.0000000e+00 
   137 :  1.7734477e+00  1.0000000e+00 
   138 :  1.7677284e+00  1.0000000e+00 
   139 :  1.7618647e+00  1.0000000e+00 
   140 :  1.7558530e+00  1.0000000e+00 
   141 :  1.7496895e+00  1.0000000e+00 
   142 :  1.7433704e+00  1.0000000e+00 
   143 :  1.7368918e+00  1.0000000e+00 
   144 :  1.7302496e+00  1.0000000e+00 
   145 :  1.7234397e+00  1.0000000e+00 
   146 :  1.7164579e+00  1.0000000e+00 
   147 :  1.7092999e+00  1.0000000e+00 
   148 :  1.7019612e+00  1.0000000e+00 
   149 :  1.6944372e+00  1.0000000e+00 
   150 :  1.6867232e+00  1.0000000e+00 
   151 :  1.6788145e+00  1.0000000e+00 
   152 :  1.6707062e+00  1.0000000e+00 
   153 :  1.6623931e+00  1.0000000e+00 
   154 :  1.6538702e+00  1.0000000e+00 
   155 :  1.6451322e+00  1.0000000e+00 
   156 :  1.6361735e+00  1.0000000e+00 
   157 :  1.6269887e+00  1.0000000e+00 
   158 :  1.6175720e+00  1.0000000e+00 
   159 :  1.6079176e+00  1.0000000e+00 
   160 :  1.5980195e+00  1.0000000e+00 
   161 :  1.5878715e+00  1.0000000e+00 
   162 :  1.5774673e+00  1.0000000e+00 
   163 :  1.5668004e+00  1.0000000e+00 
   164 :  1.5558643e+00  1.0000000e+00 
   165 :  1.5446520e+00  1.0000000e+00 
   166 :  1.5331568e+00  1.0000000e+00 
   167 :  1.5213713e+00  1.0000000e+00 
   168 :  1.5092883e+00  1.0000000e+00 
   169 :  1.4969002e+00  1.0000000e+00 
   170 :  1.4841995e+00  1.0000000e+00 
   171 :  1.4711781e+00  1.0000000e+00 
   172 :  1.4578279e+00  1.0000000e+00 
   173 :  1.4441408e+00  1.0000000e+00 
   174 :  1.4301081e+00  1.0000000e+00 
   175 :  1.4157211e+00  1.0000000e+00 
   176 :  1.4009710e+00  1.0000000e+00 
   177 :  1.3858485e+00  1.0000000e+00 
   178 :  1.3703442e+00  1.0000000e+00 
   179 :  1.3544485e+00  1.0000000e+00 
   180 :  1.3381515e+00  1.0000000e+00 
   181 :  1.3214431e+00  1.0000000e+00 
   182 :  1.3043129e+00  1.0000000e+00 
   183 :  1.2867503e+00  1.0000000e+00 
   184 :  1.2687442e+00  1.0000000e+00 
   185 :  1.2502837e+00  1.0000000e+00 
   186 :  1.2313570e+00  1.0000000e+00 
   187 :  1.2119526e+00  1.0000000e+00 
   188 :  1.1920583e+00  1.0000000e+00 
   189 :  1.1716618e+00  1.0000000e+00 
   190 :  1.1507504e+00  1.0000000e+00 
   191 :  1.1293110e+00  1.0000000e+00 
   192 :  1.1073304e+00  1.0000000e+00 
   193 :  1.0847950e+00  1.0000000e+00 
   194 :  1.0616906e+00  1.0000000e+00 
   195 :  1.0380029e+00  1.0000000e+00 
   196 :  1.0137172e+00  1.0000000e+00 
   197 :  9.8881850e-01  1.0000000e+00 
   198 :  9.6329118e-01  1.0000000e+00 
   199 :  9.3711941e-01  1.0000000e+00 
   200 :  9.1028695e-01  1.0000000e+00 
   201 :  8.8277709e-01  1.0000000e+00 
   202 :  8.5457275e-01  1.0000000e+00 
   203 :  8.2565639e-01  1.0000000e+00 
   204 :  7.9601003e-01  1.0000000e+00 
   205 :  7.6561525e-01  1.0000000e+00 
   206 :  7.3445315e-01  1.0000000e+00 
   207 :  7.0250436e-01  1.0000000e+00 
   208 :  6.6974903e-01  1.0000000e+00 
   209 :  6.3616678e-01  1.0000000e+00 
   210 :  6.0173675e-01  1.0000000e+00 
   211 :  5.6643754e-01  1.0000000e+00 
   212 :  5.3024718e-01  1.0000000e+00 
   213 :  4.9314321e-01  1.0000000e+00 
   214 :  4.5510256e-01  1.0000000e+00 
   215 :  4.1610155e-01  1.0000000e+00 
   216 :  3.7611596e-01  1.0000000e+00 
   217 :  3.3512094e-01  1.0000000e+00 
   218 :  2.9309099e-01  1.0000000e+00 
   219 :  2.5000000e-01  9.5652174e-01 
   220 :  2.5000000e-01  9.1304348e-01 
   221 :  2.5000000e-01  8.6956522e-01 
   222 :  2.5000000e-01  8.2608696e-01 
   223 :  2.5000000e-01  7.8260870e-01 
   224 :  2.5000000e-01  7.3913043e-01 
   225 :  2.5000000e-01  6.9565217e-01 
   226 :  2.5000000e-01  6.5217391e-01 
   227 :  2.5000000e-01  6.0869565e-01 
   228 :  2.5000000e-01  5.6521739e-01 
   229 :  2.5000000e-01  5.2173913e-01 
   230 :  2.5000000e-01  4.7826087e-01 
   231 :  2.5000000e-01  4.3478261e-01 
   232 :  2.5000000e-01  3.9130435e-01 
   233 :  2.5000000e-01  3.4782609e-01 
   234 :  2.5000000e-01  3.0434783e-01 
   235 :  2.5000000e-01  2.6086957e-01 
   236 :  2.5000000e-01  2.1739130e-01 
   237 :  2.5000000e-01  1.7391304e-01 
   238 :  2.5000000e-01  1.3043478e-01 
   239 :  2.5000000e-01  8.6956522e-02 
   240 :  2.5000000e-01  4.3478261e-02 
   241 :  2.1061671e-01  0.0000000e+00 
   242 :  1.7034714e-01  0.0000000e+00 
   243 :  1.2917129e-01  0.0000000e+00 
   244 :  8.7068804e-02  0.0000000e+00 
   245 :  4.4018815e-02  0.0000000e+00 
   246 :  1.7650495e+00  1.0646568e+00 
   247 :  1.7958619e+00  1.0322776e+00 
   248 :  1.7469412e+00  1.0645582e+00 
   249 :  1.7590647e+00  1.0048318e+00 
   250 :  1.7274466e+00  1.0642285e+00 
   251 :  1.7394218e+00  1.0053519e+00 
   252 :  1.7064346e+00  1.0637836e+00 
   253 :  1.7199698e+00  1.0059721e+00 
   254 :  1.6837659e+00  1.0633211e+00 
   255 :  1.6982527e+00  1.0064147e+00 
   256 :  1.6665184e+00  1.0072930e+00 
   257 :  1.7957660e+00  1.0475523e+00 
   258 :  1.7760214e+00  1.0048254e+00 
   259 :  1.6410714e+00  1.0612906e+00 
   260 :  1.6223482e+00  1.0080283e+00 
   261 :  1.5948902e+00  1.0613603e+00 
   262 :  1.5722137e+00  1.0090934e+00 
   263 :  1.5419625e+00  1.0603823e+00 
   264 :  1.7960696e+00  1.0174702e+00 
   265 :  1.5154230e+00  1.0102995e+00 
   266 :  1.7820008e+00  1.0660600e+00 
   267 :  2.1234672e-01  4.1304348e-01 
   268 :  2.1016210e-01  8.0479193e-01 
   269 :  1.4833702e+00  1.0596215e+00 
   270 :  2.0779942e-01  9.3858857e-01 
   271 :  2.1453459e-01  2.7987694e-01 
   272 :  2.1239280e-01  5.4057460e-01 
   273 :  2.0924555e-01  6.7188169e-01 
   274 :  2.1182897e-01  1.5171374e-01 
   275 :  1.5505507e+00  1.0094907e+00 
   276 :  1.6029559e+00  1.0089082e+00 
   277 :  1.6494809e+00  1.0076855e+00 
   278 :  1.6827938e+00  1.0063169e+00 
   279 :  1.6678242e+00  1.0629102e+00 
   280 :  1.6239760e+00  1.0620375e+00 
   281 :  1.4568763e+00  1.0559671e+00 
   282 :  1.5745973e+00  1.0610482e+00 
   283 :  1.5194541e+00  1.0605443e+00 
   284 :  1.0812005e-01  1.0339394e+00 
   285 :  1.4280437e+00  1.0573821e+00 
   286 :  4.2528668e-02  6.0914116e-01 
   287 :  4.2205538e-02  2.1802088e-01 
   288 :  1.1367458e-01  3.8299248e-02 
   289 :  1.4908917e+00  1.0107517e+00 
   290 :  1.3997090e+00  1.0573681e+00 
   291 :  4.2120326e-02  7.5386364e-01 
   292 :  4.5246066e-02  4.5849715e-01 
   293 :  4.3350765e-02  3.6267523e-01 
   294 :  4.1719686e-02  8.5140646e-01 
   295 :  1.3698256e+00  1.0556304e+00 
   296 :  1.4650260e+00  1.0112521e+00 
   297 :  1.3380743e+00  1.0561269e+00 
   298 :  1.4379536e+00  1.0116947e+00 
   299 :  1.7955592e+00  1.0572523e+00 
   300 :  1.7868308e+00  1.0048177e+00 
   301 :  1.3043828e+00  1.0559310e+00 
   302 :  1.4087819e+00  1.0123472e+00 
   303 :  1.2691826e+00  1.0552354e+00 
   304 :  1.3781424e+00  1.0133322e+00 
   305 :  1.2408204e+00  1.0161891e+00 
   306 :  4.2322040e-02  9.4696027e-01 
   307 :  4.1922967e-02  1.2213094e-01 
   308 :  1.2018847e+00  1.0170484e+00 
   309 :  1.3462965e+00  1.0141314e+00 
   310 :  1.1592214e+00  1.0199092e+00 
   311 :  1.3129281e+00  1.0147290e+00 
   312 :  1.1323288e+00  1.0527840e+00 
   313 :  1.0962537e+00  1.0192041e+00 
   314 :  1.2776530e+00  1.0153241e+00 
   315 :  2.1814026e-01  6.3523012e-02 
   316 :  1.0638274e+00  1.0523417e+00 
   317 :  1.2323001e+00  1.0538453e+00 
   318 :  1.0260162e+00  1.0214329e+00 
   319 :  1.9032968e-01  1.0376005e+00 
   320 :  9.9083947e-01  1.0467083e+00 
   321 :  1.1935872e+00  1.0530307e+00 
   322 :  9.5079046e-01  1.0228536e+00 
   323 :  9.1480404e-01  1.0471730e+00 
   324 :  1.7961503e+00  1.0075810e+00 
   325 :  1.7922078e+00  1.0655417e+00 
   326 :  8.7096143e-01  1.0235669e+00 
   327 :  8.3085528e-01  1.0474389e+00 
   328 :  7.8368018e-01  1.0240974e+00 
   329 :  7.4098279e-01  1.0453143e+00 
   330 :  6.8381220e-01  1.0247689e+00 
   331 :  6.4864144e-01  1.0416274e+00 
   332 :  5.8559516e-01  1.0318703e+00 
   333 :  5.4669621e-01  1.0350807e+00 
   334 :  5.0983051e-01  1.0355676e+00 
   335 :  8.1349908e-01  1.0236818e+00 
   336 :  4.3430312e-01  1.0355174e+00 
   337 :  3.9549447e-01  1.0349403e+00 
   338 :  4.1978039e-02  8.9925009e-01 
   339 :  8.3177620e-02  8.7540161e-01 
   340 :  8.3208891e-02  8.2818337e-01 
   341 :  1.2364378e-01  8.5221597e-01 
   342 :  1.2414755e-01  8.0561739e-01 
   343 :  1.2368882e-01  8.9852124e-01 
   344 :  1.6567363e-01  8.7436712e-01 
   345 :  1.6325268e-01  9.2143996e-01 
   346 :  1.2410964e-01  9.4409125e-01 
   347 :  1.6625169e-01  9.6292837e-01 
   348 :  2.0916629e-01  9.7890008e-01 
   349 :  1.2740222e-01  9.9286831e-01 
   350 :  8.4416256e-02  7.8153999e-01 
   351 :  1.2502056e-01  7.5933340e-01 
   352 :  1.6531490e-01  7.8288949e-01 
   353 :  1.6643100e-01  7.3750082e-01 
   354 :  1.2627088e-01  7.1332880e-01 
   355 :  1.6818662e-01  6.9228487e-01 
   356 :  1.2764567e-01  6.6785771e-01 
   357 :  8.6991392e-02  6.8954583e-01 
   358 :  1.6825118e-01  6.4682195e-01 
   359 :  1.2863258e-01  6.2231904e-01 
   360 :  1.6953048e-01  6.0286054e-01 
   361 :  1.2901951e-01  5.7877639e-01 
   362 :  2.0935511e-01  6.2870758e-01 
   363 :  1.6399917e-01  8.2990799e-01 
   364 :  2.0883868e-01  8.4958276e-01 
   365 :  4.1679985e-02  1.7034829e-01 
   366 :  8.3004802e-02  1.9404943e-01 
   367 :  8.4035689e-02  2.4096905e-01 
   368 :  1.2402042e-01  2.1678302e-01 
   369 :  1.2315683e-01  1.7052064e-01 
   370 :  1.2493730e-01  2.6348677e-01 
   371 :  8.5377391e-02  2.8777494e-01 
   372 :  1.2614932e-01  3.0998957e-01 
   373 :  1.6148504e-01  2.3929615e-01 
   374 :  8.5738583e-02  3.3509380e-01 
   375 :  1.2708748e-01  3.5637014e-01 
   376 :  1.6816366e-01  3.3381186e-01 
   377 :  1.7589425e-01  3.8044128e-01 
   378 :  1.3029646e-01  4.0280247e-01 
   379 :  1.6166898e-01  1.9513245e-01 
   380 :  1.6501623e-01  1.4922105e-01 
   381 :  1.2388754e-01  1.2639881e-01 
   382 :  1.5701208e-01  1.0295555e-01 
   383 :  2.0306284e-01  2.1517382e-01 
   384 :  1.2175433e-01  8.2175656e-02 
   385 :  1.5281650e-01  6.0407875e-02 
   386 :  8.4908460e-02  6.7081817e-02 
   387 :  1.6848772e-01  2.8645196e-01 
   388 :  8.9712572e-01  1.0235446e+00 
   389 :  9.7622840e-01  1.0224670e+00 
   390 :  9.6593172e-01  1.0467834e+00 
   391 :  1.0010310e+00  1.0247552e+00 
   392 :  1.0499973e+00  1.0191900e+00 
   393 :  1.0434763e+00  1.0388477e+00 
   394 :  1.1175760e+00  1.0180042e+00 
   395 :  1.1037710e+00  1.0372465e+00 
   396 :  1.0825410e+00  1.0369625e+00 
   397 :  4.3165965e-02  3.1393223e-01 
   398 :  1.5272130e+00  1.0100471e+00 
   399 :  1.5214969e+00  1.0203206e+00 
   400 :  1.5096990e+00  1.0207278e+00 
   401 :  1.5158752e+00  1.0308127e+00 
   402 :  1.5276939e+00  1.0299116e+00 
   403 :  1.5039524e+00  1.0311898e+00 
   404 :  1.5100389e+00  1.0411294e+00 
   405 :  1.4980987e+00  1.0412845e+00 
   406 :  1.4917769e+00  1.0314650e+00 
   407 :  1.5029372e+00  1.0506060e+00 
   408 :  1.4859144e+00  1.0421846e+00 
   409 :  1.4793780e+00  1.0315897e+00 
   410 :  1.4733225e+00  1.0426393e+00 
   411 :  1.4666267e+00  1.0317857e+00 
   412 :  1.4604230e+00  1.0431050e+00 
   413 :  1.4535638e+00  1.0319861e+00 
   414 :  1.4472083e+00  1.0435820e+00 
   415 :  1.4401817e+00  1.0321912e+00 
   416 :  1.4336709e+00  1.0440701e+00 
   417 :  1.4264730e+00  1.0324012e+00 
   418 :  1.4199021e+00  1.0446636e+00 
   419 :  1.4117067e+00  1.0338859e+00 
   420 :  1.4417708e+00  1.0568335e+00 
   421 :  1.5826918e+00  1.0090860e+00 
   422 :  1.5776357e+00  1.0181134e+00 
   423 :  1.5671467e+00  1.0183218e+00 
   424 :  1.5726220e+00  1.0272965e+00 
   425 :  1.5830471e+00  1.0269956e+00 
   426 :  1.5620753e+00  1.0275629e+00 
   427 :  1.5676066e+00  1.0366139e+00 
   428 :  1.5571195e+00  1.0365783e+00 
   429 :  1.5513572e+00  1.0277255e+00 
   430 :  1.5461818e+00  1.0368611e+00 
   431 :  1.5627814e+00  1.0448328e+00 
   432 :  1.5736031e+00  1.0450500e+00 
   433 :  1.5395425e+00  1.0288540e+00 
   434 :  1.6315839e+00  1.0080141e+00 
   435 :  1.6271270e+00  1.0159961e+00 
   436 :  1.6177973e+00  1.0164433e+00 
   437 :  1.6227705e+00  1.0241241e+00 
   438 :  1.6319045e+00  1.0238377e+00 
   439 :  1.6275977e+00  1.0318305e+00 
   440 :  1.6366365e+00  1.0315545e+00 
   441 :  1.6183988e+00  1.0321860e+00 
   442 :  1.6324010e+00  1.0395008e+00 
   443 :  1.6413582e+00  1.0391258e+00 
   444 :  1.6455044e+00  1.0312672e+00 
   445 :  1.6501320e+00  1.0387628e+00 
   446 :  1.6541844e+00  1.0311270e+00 
   447 :  1.6586704e+00  1.0384513e+00 
   448 :  1.6626501e+00  1.0307865e+00 
   449 :  1.6670588e+00  1.0381806e+00 
   450 :  1.6709536e+00  1.0308118e+00 
   451 :  1.6751702e+00  1.0378417e+00 
   452 :  1.6789700e+00  1.0307183e+00 
   453 :  1.6831095e+00  1.0375356e+00 
   454 :  1.6868200e+00  1.0305891e+00 
   455 :  1.6908631e+00  1.0372359e+00 
   456 :  1.6945045e+00  1.0307743e+00 
   457 :  1.6984807e+00  1.0369741e+00 
   458 :  1.7019948e+00  1.0307089e+00 
   459 :  1.7058808e+00  1.0366869e+00 
   460 :  1.7092915e+00  1.0303547e+00 
   461 :  1.7130319e+00  1.0364111e+00 
   462 :  1.7164013e+00  1.0302285e+00 
   463 :  1.7200547e+00  1.0359496e+00 
   464 :  1.7233731e+00  1.0300528e+00 
   465 :  1.7269230e+00  1.0356317e+00 
   466 :  1.7301417e+00  1.0299140e+00 
   467 :  1.7336029e+00  1.0354291e+00 
   468 :  1.7367344e+00  1.0300842e+00 
   469 :  1.7399532e+00  1.0352700e+00 
   470 :  1.7431500e+00  1.0300407e+00 
   471 :  1.7465111e+00  1.0361581e+00 
   472 :  1.7494801e+00  1.0296995e+00 
   473 :  1.7527365e+00  1.0348611e+00 
   474 :  1.7556098e+00  1.0295423e+00 
   475 :  1.7587756e+00  1.0346273e+00 
   476 :  1.7616273e+00  1.0293453e+00 
   477 :  1.7646769e+00  1.0343876e+00 
   478 :  1.7674783e+00  1.0292861e+00 
   479 :  1.7704973e+00  1.0341804e+00 
   480 :  1.7560748e+00  1.0396254e+00 
   481 :  1.7731836e+00  1.0291393e+00 
   482 :  1.7677649e+00  1.0392629e+00 
   483 :  1.7734663e+00  1.0390645e+00 
   484 :  1.7365253e+00  1.0415488e+00 
   485 :  1.7708312e+00  1.0440402e+00 
   486 :  1.7168284e+00  1.0422864e+00 
   487 :  1.7702531e+00  1.0243031e+00 
   488 :  1.7758699e+00  1.0241391e+00 
   489 :  1.7764168e+00  1.0438421e+00 
   490 :  1.7737432e+00  1.0488633e+00 
   491 :  1.7679395e+00  1.0491034e+00 
   492 :  1.7525165e+00  1.0246193e+00 
   493 :  1.7790619e+00  1.0387124e+00 
   494 :  1.7793249e+00  1.0485844e+00 
   495 :  1.6949749e+00  1.0435897e+00 
   496 :  1.7333615e+00  1.0239557e+00 
   497 :  1.7117813e+00  1.0240908e+00 
   498 :  1.7729739e+00  1.0193683e+00 
   499 :  1.7785383e+00  1.0192996e+00 
   500 :  1.7813914e+00  1.0239602e+00 
   501 :  1.7673473e+00  1.0194558e+00 
   502 :  1.6547943e+00  1.0462753e+00 
   503 :  1.6908416e+00  1.0238682e+00 
   504 :  1.6794796e+00  1.0443398e+00 
   505 :  1.7765323e+00  1.0537967e+00 
   506 :  1.7821453e+00  1.0533539e+00 
   507 :  1.6748927e+00  1.0234516e+00 
   508 :  1.6582973e+00  1.0231518e+00 
   509 :  1.7840170e+00  1.0192004e+00 
   510 :  1.7867948e+00  1.0238160e+00 
   511 :  1.7842430e+00  1.0285309e+00 
   512 :  1.7700869e+00  1.0145080e+00 
   513 :  1.7847535e+00  1.0484592e+00 
   514 :  1.7812398e+00  1.0145493e+00 
   515 :  1.7865225e+00  1.0145375e+00 
   516 :  1.7644267e+00  1.0145976e+00 
   517 :  1.6368152e+00  1.0468243e+00 
   518 :  1.6282508e+00  1.0476074e+00 
   519 :  1.7876870e+00  1.0529360e+00 
   520 :  1.7615384e+00  1.0195132e+00 
   521 :  1.7590501e+00  1.0144798e+00 
   522 :  1.7674202e+00  1.0096183e+00 
   523 :  1.7850892e+00  1.0576480e+00 
   524 :  1.7890983e+00  1.0287660e+00 
   525 :  1.7869976e+00  1.0331124e+00 
   526 :  1.7919485e+00  1.0243053e+00 
   527 :  1.6326319e+00  1.0555769e+00 
   528 :  1.7839938e+00  1.0097523e+00 
   529 :  1.7817749e+00  1.0332443e+00 
   530 :  1.7889447e+00  1.0096950e+00 
   531 :  1.7903270e+00  1.0479095e+00 
   532 :  1.7873940e+00  1.0429698e+00 
   533 :  1.7845100e+00  1.0382197e+00 
   534 :  1.7897761e+00  1.0378565e+00 
   535 :  1.7925444e+00  1.0427478e+00 
   536 :  1.7928326e+00  1.0526039e+00 
   537 :  1.7761314e+00  1.0338455e+00 
   538 :  1.7730059e+00  1.0096298e+00 
   539 :  1.7889464e+00  1.0194467e+00 
   540 :  1.6408668e+00  1.0236048e+00 
   541 :  1.6362119e+00  1.0159052e+00 
   542 :  1.6451388e+00  1.0156241e+00 
   543 :  1.6406202e+00  1.0078715e+00 
   544 :  1.6538497e+00  1.0153413e+00 
   545 :  1.7056184e+00  1.0063273e+00 
   546 :  1.7020425e+00  1.0125401e+00 
   547 :  1.7094707e+00  1.0120950e+00 
   548 :  1.6945948e+00  1.0126675e+00 
   549 :  1.6983031e+00  1.0191867e+00 
   550 :  1.7268286e+00  1.0058747e+00 
   551 :  1.7235224e+00  1.0117921e+00 
   552 :  1.7300416e+00  1.0115413e+00 
   553 :  1.7270271e+00  1.0175401e+00 
   554 :  1.7205417e+00  1.0177685e+00 
   555 :  1.7341461e+00  1.0165849e+00 
   556 :  1.7396996e+00  1.0205844e+00 
   557 :  1.7399616e+00  1.0146503e+00 
   558 :  1.7450306e+00  1.0180243e+00 
   559 :  1.7455885e+00  1.0120884e+00 
   560 :  1.7501952e+00  1.0154217e+00 
   561 :  1.7510917e+00  1.0101649e+00 
   562 :  1.5781635e+00  1.0361437e+00 
   563 :  1.5884283e+00  1.0357285e+00 
   564 :  1.5932241e+00  1.0267547e+00 
   565 :  1.5985660e+00  1.0352533e+00 
   566 :  1.6033050e+00  1.0261966e+00 
   567 :  1.5939334e+00  1.0440993e+00 
   568 :  1.6038667e+00  1.0435223e+00 
   569 :  1.5980571e+00  1.0178457e+00 
   570 :  1.6081428e+00  1.0170269e+00 
   571 :  1.5929430e+00  1.0089823e+00 
   572 :  1.6085743e+00  1.0341216e+00 
   573 :  1.6136948e+00  1.0420541e+00 
   574 :  1.6092004e+00  1.0516800e+00 
   575 :  1.6190706e+00  1.0492099e+00 
   576 :  1.6159509e+00  1.0598802e+00 
   577 :  1.5994452e+00  1.0525390e+00 
   578 :  1.6048779e+00  1.0609099e+00 
   579 :  1.7340464e+00  1.0642260e+00 
   580 :  1.7307532e+00  1.0584833e+00 
   581 :  1.7241043e+00  1.0584869e+00 
   582 :  1.7274568e+00  1.0526952e+00 
   583 :  1.7374282e+00  1.0587921e+00 
   584 :  1.7207294e+00  1.0528756e+00 
   585 :  1.7172579e+00  1.0584606e+00 
   586 :  1.7139170e+00  1.0526306e+00 
   587 :  1.7240884e+00  1.0467316e+00 
   588 :  1.7316219e+00  1.0469651e+00 
   589 :  1.7530923e+00  1.0646050e+00 
   590 :  1.7500452e+00  1.0593240e+00 
   591 :  1.7560938e+00  1.0592940e+00 
   592 :  1.7530572e+00  1.0540792e+00 
   593 :  1.7469997e+00  1.0540628e+00 
   594 :  1.7500295e+00  1.0489446e+00 
   595 :  1.7590608e+00  1.0541156e+00 
   596 :  1.7438963e+00  1.0487568e+00 
   597 :  1.7468584e+00  1.0433062e+00 
   598 :  1.7620467e+00  1.0592900e+00 
   599 :  1.7649720e+00  1.0541687e+00 
   600 :  1.7679104e+00  1.0593114e+00 
   601 :  1.7707869e+00  1.0645212e+00 
   602 :  1.7736524e+00  1.0591164e+00 
   603 :  1.7620693e+00  1.0491616e+00 
   604 :  1.7707916e+00  1.0540600e+00 
   605 :  1.7794471e+00  1.0581837e+00 
   606 :  1.6914534e+00  1.0633039e+00 
   607 :  1.6876700e+00  1.0567858e+00 
   608 :  1.6953467e+00  1.0565101e+00 
   609 :  1.6799614e+00  1.0566499e+00 
   610 :  1.6506275e+00  1.0622295e+00 
   611 :  1.6464882e+00  1.0549245e+00 
   612 :  1.6551174e+00  1.0548489e+00 
   613 :  1.5839948e+00  1.0445938e+00 
   614 :  1.5526521e+00  1.0606530e+00 
   615 :  1.5470574e+00  1.0521313e+00 
   616 :  1.5364704e+00  1.0507741e+00 
   617 :  1.6634073e+00  1.0449894e+00 
   618 :  1.7024159e+00  1.0432031e+00 
   619 :  1.6990086e+00  1.0497809e+00 
   620 :  1.7069945e+00  1.0498378e+00 
   621 :  1.7028547e+00  1.0568995e+00 
   622 :  8.4584062e-02  9.6767919e-01 
   623 :  1.1517835e+00  1.0529783e+00 
   624 :  1.1423106e+00  1.0335999e+00 
   625 :  1.7815311e+00  1.0048859e+00 
   626 :  4.3063458e-02  9.9697574e-01 
   627 :  1.7952095e+00  1.0376927e+00 
   628 :  8.6577454e-02  3.8203022e-01 
   629 :  9.0300002e-02  4.2858438e-01 
   630 :  1.3266562e-01  4.4819676e-01 
   631 :  9.0703660e-02  4.7685734e-01 
   632 :  1.3468323e-01  4.9364749e-01 
   633 :  1.7391361e-01  4.7235599e-01 
   634 :  9.7509413e-02  5.1758601e-01 
   635 :  4.4245715e-02  4.0976753e-01 
   636 :  1.7455704e-01  5.1553000e-01 
   637 :  1.7591063e+00  1.0646410e+00 
   638 :  1.0728985e+00  1.0180540e+00 
   639 :  1.7406163e+00  1.0644758e+00 
   640 :  1.6990404e+00  1.0634162e+00 
   641 :  1.1816136e+00  1.0178166e+00 
   642 :  1.1727090e+00  1.0325991e+00 
   643 :  1.6594267e+00  1.0625819e+00 
   644 :  1.6638429e+00  1.0564351e+00 
   645 :  1.2215910e+00  1.0166467e+00 
   646 :  1.2117706e+00  1.0337398e+00 
   647 :  1.2316375e+00  1.0315325e+00 
   648 :  1.2505736e+00  1.0311060e+00 
   649 :  1.2953624e+00  1.0152687e+00 
   650 :  1.2866574e+00  1.0302427e+00 
   651 :  1.3045355e+00  1.0294015e+00 
   652 :  1.3216544e+00  1.0288332e+00 
   653 :  1.2689131e+00  1.0296133e+00 
   654 :  1.3622468e+00  1.0138312e+00 
   655 :  1.3548650e+00  1.0277703e+00 
   656 :  1.3706131e+00  1.0269567e+00 
   657 :  1.3859129e+00  1.0262639e+00 
   658 :  1.3786251e+00  1.0400369e+00 
   659 :  1.3946377e+00  1.0398712e+00 
   660 :  1.3633032e+00  1.0407483e+00 
   661 :  1.3471744e+00  1.0420720e+00 
   662 :  1.3846345e+00  1.0541549e+00 
   663 :  1.3384206e+00  1.0284931e+00 
   664 :  1.4241769e+00  1.0117413e+00 
   665 :  1.4519373e+00  1.0113091e+00 
   666 :  1.5213644e+00  1.0404966e+00 
   667 :  1.6580311e+00  1.0075583e+00 
   668 :  1.6624530e+00  1.0148210e+00 
   669 :  1.6719042e+00  1.0145836e+00 
   670 :  1.6666892e+00  1.0223434e+00 
   671 :  1.6801556e+00  1.0174058e+00 
   672 :  1.4782659e+00  1.0109141e+00 
   673 :  1.7773537e+00  1.0641580e+00 
   674 :  1.5390571e+00  1.0096753e+00 
   675 :  1.5033455e+00  1.0104723e+00 
   676 :  1.6746635e+00  1.0071383e+00 
   677 :  1.7756887e+00  1.0145299e+00 
   678 :  1.7129297e+00  1.0060551e+00 
   679 :  1.7560857e+00  1.0491152e+00 
   680 :  1.7331836e+00  1.0055959e+00 
   681 :  1.7341955e+00  1.0529367e+00 
   682 :  1.3298157e+00  1.0143644e+00 
   683 :  1.5615466e+00  1.0092491e+00 
   684 :  1.7095368e+00  1.0426751e+00 
   685 :  1.3937115e+00  1.0127074e+00 
   686 :  1.5635056e+00  1.0612591e+00 
   687 :  1.7901773e+00  1.0572983e+00 
   688 :  1.7881079e+00  1.0618445e+00 
   689 :  1.6496471e+00  1.0233253e+00 
   690 :  1.6127890e+00  1.0084011e+00 
   691 :  1.6906186e+00  1.0064583e+00 
   692 :  1.6862434e+00  1.0128976e+00 
   693 :  1.6716683e+00  1.0445134e+00 
   694 :  1.6873348e+00  1.0439120e+00 
   695 :  8.3488641e-02  1.4869222e-01 
   696 :  8.9262854e-02  5.9838303e-01 
   697 :  1.4704335e+00  1.0590831e+00 
   698 :  1.4137403e+00  1.0574658e+00 
   699 :  1.3214113e+00  1.0561271e+00 
   700 :  1.2869769e+00  1.0560841e+00 
   701 :  1.2509674e+00  1.0547085e+00 
   702 :  1.2131817e+00  1.0535080e+00 
   703 :  1.7619436e+00  1.0394288e+00 
   704 :  1.5848992e+00  1.0613980e+00 
   705 :  1.7819120e+00  1.0435920e+00 
   706 :  1.6828775e+00  1.0241275e+00 
   707 :  3.5532246e-01  1.0348141e+00 
   708 :  1.4958191e+00  1.0603111e+00 
   709 :  4.2154741e-02  7.0654514e-01 
   710 :  4.2665032e-02  6.5855791e-01 
   711 :  4.2120326e-02  5.5931818e-01 
   712 :  5.1194339e-02  5.1312142e-01 
   713 :  1.7265034e+00  1.0241640e+00 
   714 :  1.7456148e+00  1.0241636e+00 
   715 :  1.7046132e+00  1.0244570e+00 
   716 :  2.1647456e-01  1.0609947e-01 
   717 :  1.5879331e+00  1.0179629e+00 
   718 :  4.1698968e-02  8.0322981e-01 
   719 :  1.3542256e+00  1.0560080e+00 
   720 :  8.3310038e-02  9.2198394e-01 
   721 :  2.0604417e-01  3.5263440e-01 
   722 :  6.5543809e-02  1.0332594e+00 
   723 :  7.0843734e-01  1.0468194e+00 
   724 :  2.0740029e-01  7.6067957e-01 
   725 :  1.4933286e-01  1.0346498e+00 
   726 :  1.7960936e+00  1.0124632e+00 
   727 :  2.3029694e-01  1.0374821e+00 
   728 :  1.6462204e+00  1.0464122e+00 
   729 :  2.0963043e-01  7.1653199e-01 
   730 :  1.7961834e+00  1.0273471e+00 
   731 :  1.7785801e+00  1.0096954e+00 
   732 :  2.7051540e-01  1.0354207e+00 
   733 :  1.2594980e+00  1.0153721e+00 
   734 :  9.2486605e-01  1.0233595e+00 
   735 :  1.7788047e+00  1.0287320e+00 
   736 :  1.7649530e+00  1.0442355e+00 
   737 :  1.6232356e+00  1.0403981e+00 
   738 :  1.6759013e+00  1.0632144e+00 
   739 :  1.1916301e+00  1.0340312e+00 
   740 :  1.5308158e+00  1.0604214e+00 
   741 :  1.6720706e+00  1.0568231e+00 
   742 :  1.6913604e+00  1.0501899e+00 
   743 :  1.7644648e+00  1.0243972e+00 
   744 :  8.5464962e-02  7.3553623e-01 
   745 :  1.7167065e+00  1.0118967e+00 
   746 :  8.8484258e-02  6.4396420e-01 
   747 :  4.7250559e-01  1.0351808e+00 
   748 :  1.7206086e+00  1.0642312e+00 
   749 :  3.1343050e-01  1.0350391e+00 
   750 :  4.3054084e-02  2.6590013e-01 
   751 :  1.7198454e-01  4.2692902e-01 
   752 :  6.1646807e-01  1.0461489e+00 
   753 :  1.5895189e+00  1.0529321e+00 
   754 :  1.5563999e+00  1.0185527e+00 
   755 :  1.4975187e+00  1.0210156e+00 
   756 :  1.7585759e+00  1.0244923e+00 
   757 :  1.7136479e+00  1.0641345e+00 
   758 :  1.5330474e+00  1.0195478e+00 
   759 :  1.7194210e+00  1.0242359e+00 
   760 :  2.1280571e-01  5.8616153e-01 
   761 :  1.5341528e+00  1.0403234e+00 
   762 :  1.7705208e+00  1.0046790e+00 
   763 :  1.6988895e-01  5.5771484e-01 
   764 :  1.4013105e+00  1.0250380e+00 
   765 :  1.7462575e+00  1.0060641e+00 
   766 :  1.0199760e+00  1.0470520e+00 
   767 :  1.7439526e+00  1.0592354e+00 
   768 :  1.3300579e+00  1.0423309e+00 
   769 :  2.0759407e-01  8.9443118e-01 
   770 :  1.7551191e+00  1.0189035e+00 
   771 :  2.1323879e-01  4.5535180e-01 
   772 :  1.7375819e+00  1.0477258e+00 
   773 :  1.7103610e+00  1.0583313e+00 
   774 :  1.7647966e+00  1.0046407e+00 
   775 :  1.6131648e+00  1.0250164e+00 
   776 :  8.8852980e-01  1.0477081e+00 
   777 :  1.8861015e-01  3.5015021e-02 
   778 :  1.7618702e+00  1.0096652e+00 
   779 :  1.7959945e+00  1.0625501e+00 
   780 :  1.7922720e+00  1.0051065e+00 
   781 :  1.5449925e+00  1.0189743e+00 
   782 :  1.4079392e+00  1.0466509e+00 
   783 :  1.4851141e+00  1.0212883e+00 
   784 :  1.7406757e+00  1.0535849e+00 
   785 :  1.6836696e+00  1.0504357e+00 
   786 :  1.1733474e+00  1.0499941e+00 
   787 :  1.5259186e+00  1.0507313e+00 
   788 :  1.7138047e+00  1.0176973e+00 
   789 :  1.7590472e+00  1.0443377e+00 
   790 :  2.1235037e-01  4.9730206e-01 
   791 :  4.0396731e-02  7.2854091e-02 
   792 :  1.7294141e+00  1.0412002e+00 
   793 :  1.3131973e+00  1.0424585e+00 
   794 :  1.7915168e+00  1.0147509e+00 
   795 :  8.5909719e-01  1.0465988e+00 
   796 :  6.6797955e-02  3.5072874e-02 
   797 :  9.4040271e-01  1.0466949e+00 
   798 :  1.6328040e+00  1.0637810e+00 
   799 :  1.4723929e+00  1.0215030e+00 
   800 :  1.5795258e+00  1.0532621e+00 
   801 :  8.4244035e-01  1.0235478e+00 
   802 :  1.2959078e+00  1.0426373e+00 
   803 :  1.7565367e+00  1.0095750e+00 
   804 :  1.7546710e-01  1.0031364e+00 
   805 :  1.4593793e+00  1.0217593e+00 
   806 :  1.6759219e+00  1.0506257e+00 
   807 :  1.7234617e+00  1.0403599e+00 
   808 :  1.7531466e+00  1.0443133e+00 
   809 :  1.1386633e+00  1.0165413e+00 
   810 :  1.7962723e+00  1.0224333e+00 
   811 :  1.5144425e+00  1.0508997e+00 
   812 :  1.7060297e+00  1.0179341e+00 
   813 :  1.3140651e-01  5.3691373e-01 
   814 :  8.7279722e-02  1.0870524e-01 
   815 :  8.5442927e-02  5.5547818e-01 
   816 :  8.0280098e-01  1.0481693e+00 
   817 :  1.7510655e+00  1.0396528e+00 
   818 :  1.7535321e+00  1.0048159e+00 
   819 :  1.7422035e+00  1.0402256e+00 
   820 :  1.4460333e+00  1.0219776e+00 
   821 :  1.5683780e+00  1.0529287e+00 
   822 :  1.2780657e+00  1.0427505e+00 
   823 :  1.7865843e+00  1.0657785e+00 
   824 :  1.5077561e+00  1.0603935e+00 
   825 :  1.6980514e+00  1.0257990e+00 
   826 :  1.4323552e+00  1.0222477e+00 
   827 :  1.7914224e+00  1.0334667e+00 
   828 :  7.7121981e-01  1.0461581e+00 
   829 :  1.7175266e+00  1.0484299e+00 
   830 :  1.7359823e+00  1.0107231e+00 
   831 :  8.5742718e-02  1.0049444e+00 
   832 :  2.1153051e-01  3.1788662e-01 
   833 :  1.1105645e+00  1.0552164e+00 
   834 :  1.6250415e+00  1.0546688e+00 
   835 :  1.1249339e+00  1.0356489e+00 
   836 :  1.7495738e+00  1.0202117e+00 
   837 :  1.5578912e+00  1.0526874e+00 
   838 :  1.2599314e+00  1.0428108e+00 
   839 :  1.4975921e-01  2.6458879e-02 
   840 :  7.5124379e-01  1.0209287e+00 
   841 :  1.6911136e+00  1.0174705e+00 
   842 :  1.4174674e+00  1.0229436e+00 
   843 :  2.2000928e-01  2.4711985e-01 
   844 :  1.4918522e+00  1.0500660e+00 
   845 :  1.0884168e+00  1.0555489e+00 
   846 :  1.7968207e+00  1.0425257e+00 
   847 :  1.7828824e+00  1.0616090e+00 
   848 :  1.6678028e+00  1.0507098e+00 
   849 :  7.1937681e-01  1.0210233e+00 
   850 :  1.6397232e+00  1.0534802e+00 
   851 :  1.7920932e+00  1.0610997e+00 
   852 :  1.7963789e+00  1.0663763e+00 
   853 :  1.5521772e+00  1.0446049e+00 
   854 :  1.7966747e+00  1.0035375e+00 
   855 :  1.7398151e+00  1.0258677e+00 
   856 :  3.0242700e-02  3.1312666e-02 
   857 :  3.0800855e-02  1.0378149e+00 
   858 :  1.0621135e+00  1.0329674e+00 
   859 :  1.2413881e+00  1.0429353e+00 
   860 :  1.9381662e-01  1.8137865e-01 
   861 :  2.2179604e-01  2.9449715e-02 
   862 :  1.4792630e+00  1.0501383e+00 
   863 :  1.7127061e+00  1.0473015e+00 
   864 :  6.8108511e-01  1.0518398e+00 
   865 :  1.6603020e+00  1.0507918e+00 
   866 :  1.7412330e+00  1.0447064e+00 
   867 :  1.5420320e+00  1.0445387e+00 
   868 :  1.7970975e+00  1.0524933e+00 
   869 :  6.5146424e-01  1.0167287e+00 
   870 :  1.2237351e+00  1.0434794e+00 
   871 :  2.1031984e-01  1.0118714e+00 
   872 :  1.7414423e+00  1.0097756e+00 
   873 :  1.0421724e+00  1.0566138e+00 
   874 :  1.8527246e-01  8.0892060e-02 
   875 :  1.9082244e-01  2.5739557e-01 
   876 :  1.7929719e+00  1.0200930e+00 
   877 :  1.7929955e+00  1.0099193e+00 
   878 :  1.4673651e+00  1.0498284e+00 
   879 :  1.1583257e+00  1.0375727e+00 
   880 :  1.7929029e+00  1.0292325e+00 
   881 :  1.6860573e+00  1.0190335e+00 
   882 :  2.1944510e-01  3.8087301e-01 
   883 :  1.8591615e-01  1.2116567e-01 
   884 :  6.2055294e-01  1.0192449e+00 
   885 :  2.2174169e-01  1.8791411e-01 
   886 :  1.6506937e+00  1.0506240e+00 
   887 :  1.6790260e+00  1.0112548e+00 
   888 :  1.7544533e+00  1.0135948e+00 
Number of edges 246 
     0 :      0      8 
     1 :      8      9 
     2 :      9     10 
     3 :     10     11 
     4 :     11     12 
     5 :     12     13 
     6 :     13     14 
     7 :     14     15 
     8 :     15     16 
     9 :     16     17 
    10 :     17     18 
    11 :     18     19 
    12 :     19     20 
    13 :     20     21 
    14 :     21     22 
    15 :     22     23 
    16 :     23     24 
    17 :     24     25 
    18 :     25     26 
    19 :     26     27 
    20 :     27     28 
    21 :     28      1 
    22 :      1     29 
    23 :     29     30 
    24 :     30     31 
    25 :     31     32 
    26 :     32     33 
    27 :     33      2 
    28 :      2     34 
    29 :     34     35 
    30 :     35     36 
    31 :     36     37 
    32 :     37     38 
    33 :     38     39 
    34 :     39     40 
    35 :     40     41 
    36 :     41     42 
    37 :     42     43 
    38 :     43     44 
    39 :     44     45 
    40 :     45     46 
    41 :     46     47 
    42 :     47     48 
    43 :     48     49 
    44 :     49     50 
    45 :     50     51 
    46 :     51     52 
    47 :     52     53 
    48 :     53     54 
    49 :     54     55 
    50 :     55     56 
    51 :     56     57 
    52 :     57     58 
    53 :     58     59 
    54 :     59     60 
    55 :     60     61 
    56 :     61     62 
    57 :     62     63 
    58 :     63     64 
    59 :     64     65 
    60 :     65     66 
    61 :     66     67 
    62 :     67     68 
    63 :     68     69 
    64 :     69     70 
    65 :     70     71 
    66 :     71     72 
    67 :     72     73 
    68 :     73     74 
    69 :     74     75 
    70 :     75     76 
    71 :     76     77 
    72 :     77     78 
    73 :     78     79 
    74 :     79     80 
    75 :     80     81 
    76 :     81     82 
    77 :     82     83 
    78 :     83     84 
    79 :     84     85 
    80 :     85     86 
    81 :     86     87 
    82 :     87     88 
    83 :     88     89 
    84 :     89     90 
    85 :     90     91 
    86 :     91     92 
    87 :     92      3 
    88 :      3     93 
    89 :     93     94 
    90 :     94     95 
    91 :     95     96 
    92 :     96     97 
    93 :     97     98 
    94 :     98     99 
    95 :     99    100 
    96 :    100    101 
    97 :    101    102 
    98 :    102    103 
    99 :    103    104 
   100 :    104    105 
   101 :    105    106 
   102 :    106    107 
   103 :    107    108 
   104 :    108    109 
   105 :    109    110 
   106 :    110    111 
   107 :    111    112 
   108 :    112    113 
   109 :    113    114 
   110 :    114    115 
   111 :    115    116 
   112 :    116    117 
   113 :    117    118 
   114 :    118    119 
   115 :    119      4 
   116 :      4    120 
   117 :    120    121 
   118 :    121    122 
   119 :    122    123 
   120 :    123    124 
   121 :    124    125 
   122 :    125    126 
   123 :    126    127 
   124 :    127    128 
   125 :    128    129 
   126 :    129    130 
   127 :    130    131 
   128 :    131    132 
   129 :    132      5 
   130 :      5    133 
   131 :    133    134 
   132 :    134    135 
   133 :    135    136 
   134 :    136    137 
   135 :    137    138 
   136 :    138    139 
   137 :    139    140 
   138 :    140    141 
   139 :    141    142 
   140 :    142    143 
   141 :    143    144 
   142 :    144    145 
   143 :    145    146 
   144 :    146    147 
   145 :    147    148 
   146 :    148    149 
   147 :    149    150 
   148 :    150    151 
   149 :    151    152 
   150 :    152    153 
   151 :    153    154 
   152 :    154    155 
   153 :    155    156 
   154 :    156    157 
   155 :    157    158 
   156 :    158    159 
   157 :    159    160 
   158 :    160    161 
   159 :    161    162 
   160 :    162    163 
   161 :    163    164 
   162 :    164    165 
   163 :    165    166 
   164 :    166    167 
   165 :    167    168 
   166 :    168    169 
   167 :    169    170 
   168 :    170    171 
   169 :    171    172 
   170 :    172    173 
   171 :    173    174 
   172 :    174    175 
   173 :    175    176 
   174 :    176    177 
   175 :    177    178 
   176 :    178    179 
   177 :    179    180 
   178 :    180    181 
   179 :    181    182 
   180 :    182    183 
   181 :    183    184 
   182 :    184    185 
   183 :    185    186 
   184 :    186    187 
   185 :    187    188 
   186 :    188    189 
   187 :    189    190 
   188 :    190    191 
   189 :    191    192 
   190 :    192    193 
   191 :    193    194 
   192 :    194    195 
   193 :    195    196 
   194 :    196    197 
   195 :    197    198 
   196 :    198    199 
   197 :    199    200 
   198 :    200    201 
   199 :    201    202 
   200 :    202    203 
   201 :    203    204 
   202 :    204    205 
   203 :    205    206 
   204 :    206    207 
   205 :    207    208 
   206 :    208    209 
   207 :    209    210 
   208 :    210    211 
   209 :    211    212 
   210 :    212    213 
   211 :    213    214 
   212 :    214    215 
   213 :    215    216 
   214 :    216    217 
   215 :    217    218 
   216 :    218      6 
   217 :      6    219 
   218 :    219    220 
   219 :    220    221 
   220 :    221    222 
   221 :    222    223 
   222 :    223    224 
   223 :    224    225 
   224 :    225    226 
   225 :    226    227 
   226 :    227    228 
   227 :    228    229 
   228 :    229    230 
   229 :    230    231 
   230 :    231    232 
   231 :    232    233 
   232 :    233    234 
   233 :    234    235 
   234 :    235    236 
   235 :    236    237 
   236 :    237    238 
   237 :    238    239 
   238 :    239    240 
   239 :    240      7 
   240 :      7    241 
   241 :    241    242 
   242 :    242    243 
   243 :    243    244 
   244 :    244    245 
   245 :    245      0 
Number of triangles 1530 
     0 :    321    739    786
     1 :    634    631    712
     2 :    586    620    773
     3 :    553    496    555
     4 :    739    642    786
     5 :    387    376    832
     6 :    631    292    712
     7 :     41     42    332
     8 :    620    621    773
     9 :    533    532    534
    10 :    496    553    713
    11 :    386    791    814
    12 :    320    389    390
    13 :    646    321    702
    14 :    281    412    414
    15 :    270    347    348
    16 :    270    345    347
    17 :    553    554    713
    18 :    669    507    671
    19 :    791    307    814
    20 :    318    391    766
    21 :    271    387    832
    22 :    288    385    839
    23 :    290    659    662
    24 :    321    646    739
    25 :    634    712    815
    26 :     55    320    390
    27 :    713    554    759
    28 :    344    345    769
    29 :    288    384    385
    30 :    659    419    764
    31 :    532    533    705
    32 :    302    764    842
    33 :    419    659    782
    34 :    534    532    535
    35 :    573    575    737
    36 :    575    518    737
    37 :    531    257    535
    38 :    507    669    670
    39 :    471    597    817
    40 :     41    332    333
    41 :     93     94    576
    42 :    497    788    812
    43 :    115    116    673
    44 :    764    419    842
    45 :    345    270    769
    46 :    597    471    819
    47 :    527    259    850
    48 :    430    433    761
    49 :    268    352    363
    50 :    389    320    391
    51 :    259    527    798
    52 :    629    292    631
    53 :    484    588    772
    54 :    281    414    420
    55 :    587    588    792
    56 :    441    573    737
    57 :    448    450    670
    58 :    295    658    660
    59 :    286    696    711
    60 :    441    572    573
    61 :    712    711    815
    62 :    828    328    840
    63 :    588    484    792
    64 :    333    212    334
    65 :    715    497    812
    66 :    711    696    815
    67 :    823    688    847
    68 :    587    792    807
    69 :    433    402    761
    70 :    544    508    668
    71 :    532    531    535
    72 :    212    213    334
    73 :    329    828    840
    74 :    252    621    640
    75 :    658    295    662
    76 :     54     55    390
    77 :    601    115    673
    78 :     75     76    662
    79 :    268    363    364
    80 :    576    280    834
    81 :    566    572    775
    82 :    759    554    788
    83 :    223    224    724
    84 :    266    823    847
    85 :    267    751    771
    86 :    292    629    635
    87 :    497    759    788
    88 :    575    576    834
    89 :    659    290    782
    90 :    751    633    771
    91 :    349    284    725
    92 :    286    710    746
    93 :    355    353    729
    94 :     94    280    576
    95 :    377    267    882
    96 :    361    813    815
    97 :    267    377    751
    98 :    393    318    766
    99 :    295    660    719
   100 :    536    519    687
   101 :    505    602    605
   102 :    795    326    801
   103 :    772    681    784
   104 :    334    213    747
   105 :    141    765    818
   106 :    596    772    784
   107 :    572    441    775
   108 :    533    493    705
   109 :    605    673    847
   110 :    696    286    746
   111 :    213    214    747
   112 :    114    115    601
   113 :    349    725    804
   114 :    355    273    358
   115 :    527    280    798
   116 :    486    587    807
   117 :    299    536    687
   118 :    602    505    604
   119 :    686    821    837
   120 :    558    556    714
   121 :    327    795    801
   122 :    273    355    729
   123 :    673    266    847
   124 :    450    507    670
   125 :    116    266    673
   126 :    300    528    530
   127 :    598    246    600
   128 :    668    508    670
   129 :    196    197    391
   130 :    280    527    834
   131 :    322    734    797
   132 :    508    544    689
   133 :     93    576    578
   134 :    211    212    333
   135 :    587    486    829
   136 :    332     42    752
   137 :    276    570    690
   138 :    821    431    837
   139 :     76    290    662
   140 :    364    344    769
   141 :    393    316    858
   142 :    293    374    397
   143 :    358    273    362
   144 :     79     80    420
   145 :    621    252    773
   146 :    391    320    766
   147 :    549    503    825
   148 :    221    222    364
   149 :    332    211    333
   150 :    574    577    578
   151 :    600    246    601
   152 :    621    608    640
   153 :    528    300    625
   154 :    508    448    670
   155 :    360    760    763
   156 :    300    530    780
   157 :    660    661    719
   158 :    330    331    864
   159 :    813    634    815
   160 :     14    293    397
   161 :    283    811    824
   162 :    760    272    763
   163 :      6    219    348
   164 :    222    268    364
   165 :    659    658    662
   166 :    505    490    604
   167 :    523    506    605
   168 :    285    416    418
   169 :    388    323    734
   170 :    316    393    873
   171 :    529    493    533
   172 :    493    529    537
   173 :    709    357    710
   174 :    246    114    601
   175 :    503    549    841
   176 :    622    306    626
   177 :    765    561    818
   178 :    352    268    724
   179 :    331    330    869
   180 :    506    505    605
   181 :    268    223    724
   182 :    295     75    662
   183 :    570    436    690
   184 :    412    281    878
   185 :     40     41    333
   186 :    318    196    391
   187 :    219    270    348
   188 :    276    569    570
   189 :    833    395    845
   190 :    730    526    880
   191 :    714    556    855
   192 :    710    357    746
   193 :     37     38    336
   194 :    531    519    536
   195 :     40    333    334
   196 :    724    224    729
   197 :    605    602    673
   198 :    416    285    420
   199 :    388    326    776
   200 :    402    433    758
   201 :    374    293    628
   202 :    576    574    578
   203 :    125    126    627
   204 :     80    281    420
   205 :    490    491    604
   206 :    112    113    637
   207 :    363    344    364
   208 :    526    524    880
   209 :    285    418    698
   210 :    481    537    735
   211 :    577    261    578
   212 :    811    407    824
   213 :    297    661    768
   214 :    338    306    720
   215 :    809    394    835
   216 :    353    724    729
   217 :    246    598    637
   218 :    323    388    776
   219 :    395    396    845
   220 :    629    628    635
   221 :    771    633    790
   222 :     13     14    397
   223 :    624    310    809
   224 :    633    636    790
   225 :    780    530    877
   226 :    197    389    391
   227 :    628    293    635
   228 :     37    336    337
   229 :    776    326    795
   230 :    619    608    621
   231 :    360    358    362
   232 :    652    663    682
   233 :    537    529    735
   234 :    277    542    544
   235 :    669    668    670
   236 :    160    161    571
   237 :    257    531    536
   238 :    444    446    689
   239 :    360    362    760
   240 :    357    709    744
   241 :    569    276    571
   242 :     98     99    643
   243 :    103    104    640
   244 :    109    110    639
   245 :    599    491    603
   246 :    549    715    812
   247 :    709    291    744
   248 :    414    416    420
   249 :    734    323    797
   250 :    155    156    543
   251 :    534    535    627
   252 :    285     79    420
   253 :    663    309    682
   254 :    625    258    731
   255 :    126    247    627
   256 :    452    454    706
   257 :    624    809    835
   258 :    661    297    719
   259 :    674    758    781
   260 :    528    625    731
   261 :    544    542    689
   262 :    589    112    637
   263 :    491    599    604
   264 :    350    291    718
   265 :    671    507    706
   266 :    542    277    543
   267 :     12     13    750
   268 :    715    549    825
   269 :    214    336    747
   270 :    226    227    362
   271 :    113    246    637
   272 :    446    508    689
   273 :    306    622    720
   274 :    612    643    644
   275 :    311    652    682
   276 :    104    252    640
   277 :    110    248    639
   278 :     99    279    643
   279 :    304    657    685
   280 :     15     16    635
   281 :    833    312    835
   282 :    256    668    669
   283 :    616    761    787
   284 :    570    566    775
   285 :    600    601    602
   286 :    277    155    543
   287 :    454    503    706
   288 :    135    136    625
   289 :    256    667    668
   290 :    276    160    571
   291 :    567    563    613
   292 :    273    226    362
   293 :     13    397    750
   294 :    540    444    689
   295 :    563    562    613
   296 :    335    328    816
   297 :    384    288    386
   298 :    161    421    571
   299 :    606    103    640
   300 :    579    109    639
   301 :    310    624    879
   302 :    610     98    643
   303 :    293     15    635
   304 :     16    292    635
   305 :     36     37    337
   306 :    305    648    733
   307 :    622    626    831
   308 :    258    538    731
   309 :    481    479    537
   310 :     26    306    338
   311 :    681    583    784
   312 :    510    526    539
   313 :    421    422    717
   314 :    153    154    667
   315 :    365    287    366
   316 :    300    135    625
   317 :    555    496    556
   318 :    329    840    849
   319 :    352    342    363
   320 :     35    707    749
   321 :    425    562    563
   322 :    194    392    638
   323 :    256    153    667
   324 :    399    402    758
   325 :    286     20    710
   326 :    648    653    733
   327 :    373    370    387
   328 :    758    433    781
   329 :    425    424    562
   330 :    434    435    541
   331 :    156    434    543
   332 :    661    663    768
   333 :    572    568    573
   334 :    307    365    695
   335 :    761    666    787
   336 :    645    646    647
   337 :    376    721    832
   338 :    379    373    383
   339 :    278    151    676
   340 :    649    650    651
   341 :    151    152    676
   342 :     11    287    365
   343 :    308    188    641
   344 :    654    655    656
   345 :    169    289    675
   346 :    305    186    645
   347 :    311    182    649
   348 :    304    178    654
   349 :    298    174    664
   350 :    253    146    678
   351 :    251    143    680
   352 :    296    172    665
   353 :    289    170    672
   354 :    164    275    683
   355 :    486    461    684
   356 :    275    165    674
   357 :    440    444    540
   358 :    378    375    628
   359 :    108    109    579
   360 :    102    103    606
   361 :     97     98    610
   362 :    339    338    720
   363 :    111    112    589
   364 :    146    147    678
   365 :    143    144    680
   366 :    691    278    692
   367 :    159    276    690
   368 :     88     89    614
   369 :    347    349    804
   370 :     90    282    686
   371 :    565    568    572
   372 :    461    459    684
   373 :     62     63    623
   374 :    375    374    628
   375 :    150    278    691
   376 :    504    451    693
   377 :    495    455    694
   378 :    430    761    867
   379 :    655    309    663
   380 :    580    583    681
   381 :     35     36    707
   382 :    188    189    641
   383 :    186    187    645
   384 :    182    183    649
   385 :    178    179    654
   386 :     89     90    686
   387 :    174    175    664
   388 :    172    173    665
   389 :    170    171    672
   390 :    368    373    379
   391 :    291    350    744
   392 :    274    380    860
   393 :    165    166    674
   394 :    200    388    734
   395 :    571    421    717
   396 :    291     23    718
   397 :    509    510    539
   398 :     36    337    707
   399 :    507    452    706
   400 :    215    216    337
   401 :    482    477    703
   402 :    678    547    745
   403 :    623    786    879
   404 :    656    655    660
   405 :    425    563    564
   406 :    513    532    705
   407 :    451    449    693
   408 :    384    382    385
   409 :    305    645    647
   410 :    455    453    694
   411 :    345    346    347
   412 :    311    649    651
   413 :    816    328    828
   414 :    304    654    656
   415 :    564    563    565
   416 :    306     27    626
   417 :    557    556    558
   418 :    434    541    543
   419 :    336    215    337
   420 :    450    449    451
   421 :    448    447    449
   422 :    456    455    457
   423 :    452    451    453
   424 :    454    453    455
   425 :    458    457    459
   426 :    460    459    461
   427 :    446    445    447
   428 :    462    461    463
   429 :    464    463    465
   430 :    466    465    467
   431 :    181    311    682
   432 :    468    467    469
   433 :    566    565    572
   434 :    470    469    471
   435 :    493    489    705
   436 :    277    544    667
   437 :    472    471    473
   438 :    305    647    648
   439 :    177    304    685
   440 :    444    443    445
   441 :    559    558    560
   442 :    643    279    644
   443 :    311    651    652
   444 :    462    463    464
   445 :    464    465    466
   446 :    460    461    462
   447 :    456    457    458
   448 :    458    459    460
   449 :    454    455    456
   450 :    466    467    468
   451 :    452    453    454
   452 :    450    451    452
   453 :    468    469    470
   454 :    448    449    450
   455 :    446    447    448
   456 :    470    471    472
   457 :    444    445    446
   458 :    304    656    657
   459 :    292     17    712
   460 :    599    598    600
   461 :    564    565    566
   462 :    472    473    474
   463 :    477    475    703
   464 :    474    473    475
   465 :    494    513    705
   466 :    603    491    736
   467 :    476    475    477
   468 :    474    475    476
   469 :    555    556    557
   470 :     26     27    306
   471 :    595    598    599
   472 :    476    477    478
   473 :    478    477    479
   474 :    443    517    728
   475 :      9     10    307
   476 :    478    479    481
   477 :    440    443    444
   478 :    438    440    540
   479 :    721    377    882
   480 :    509    500    510
   481 :    307     10    365
   482 :    595    591    598
   483 :    390    322    797
   484 :    499    500    509
   485 :    294    338    339
   486 :    513    506    519
   487 :    562    432    613
   488 :    614     89    686
   489 :    347    346    349
   490 :    641    642    739
   491 :    786    642    879
   492 :    369    368    379
   493 :    513    519    531
   494 :    427    432    562
   495 :    515    509    539
   496 :    499    488    500
   497 :    510    524    526
   498 :    538    512    677
   499 :    483    489    493
   500 :    424    427    562
   501 :    342    341    363
   502 :    366    367    368
   503 :    522    538    762
   504 :    602    601    673
   505 :     54    390    797
   506 :    368    370    373
   507 :    381    380    382
   508 :    657    658    659
   509 :     19    286    711
   510 :    583    639    767
   511 :    341    343    344
   512 :    599    600    604
   513 :    422    425    717
   514 :    256    669    676
   515 :    494    506    513
   516 :    136    258    625
   517 :    340    339    341
   518 :    618    619    620
   519 :    573    574    575
   520 :    336     38    747
   521 :    565    567    568
   522 :    545    546    547
   523 :    550    551    552
   524 :    557    558    559
   525 :    294     25    338
   526 :    559    560    561
   527 :    369    379    380
   528 :    340    350    718
   529 :    608    619    742
   530 :    440    442    443
   531 :    438    439    440
   532 :    552    553    555
   533 :    294    340    718
   534 :    630    632    633
   535 :    366    368    369
   536 :    287     12    750
   537 :    535    257    846
   538 :    372    375    376
   539 :    351    342    352
   540 :    250    108    579
   541 :    667    544    668
   542 :    254    102    606
   543 :    489    490    494
   544 :    221    364    769
   545 :    259     97    610
   546 :    582    580    681
   547 :    248    111    589
   548 :    494    505    506
   549 :    479    482    483
   550 :    297     73    719
   551 :    483    485    489
   552 :    381    382    384
   553 :    723    329    849
   554 :    344    343    345
   555 :    389    322    390
   556 :    588    582    681
   557 :    528    515    530
   558 :    366    287    367
   559 :    580    579    583
   560 :    154    277    667
   561 :    607    606    608
   562 :    263     88    614
   563 :    510    511    524
   564 :    541    540    542
   565 :    611    610    612
   566 :    370    372    387
   567 :    392    318    393
   568 :    514    509    515
   569 :    487    481    488
   570 :    204    328    335
   571 :    590    589    591
   572 :    569    566    570
   573 :    399    401    402
   574 :    394    313    395
   575 :    592    591    595
   576 :    201    326    388
   577 :    498    488    499
   578 :    633    632    636
   579 :    422    424    425
   580 :    198    322    389
   581 :    732     34    749
   582 :    312     62    623
   583 :    341    339    343
   584 :    427    431    432
   585 :    195    318    392
   586 :    591    589    637
   587 :    435    437    438
   588 :    192    313    394
   589 :    376    375    377
   590 :    548    691    692
   591 :    340    341    342
   592 :    630    633    751
   593 :    583    579    639
   594 :    368    367    370
   595 :    351    352    353
   596 :    608    606    640
   597 :    193    194    638
   598 :    341    344    363
   599 :    612    610    643
   600 :    435    438    541
   601 :    378    628    629
   602 :    538    258    762
   603 :    372    376    387
   604 :    600    602    604
   605 :    522    762    774
   606 :    214    215    336
   607 :    559    561    765
   608 :    707    217    749
   609 :    398    265    399
   610 :    210    211    332
   611 :    525    533    534
   612 :    369    381    695
   613 :    545    547    678
   614 :    207    208    330
   615 :    522    512    538
   616 :    152    256    676
   617 :    550    552    680
   618 :    261    577    753
   619 :    587    582    588
   620 :    272    636    763
   621 :    573    568    574
   622 :     20     21    710
   623 :    204    205    328
   624 :    203    204    335
   625 :    167    265    398
   626 :    618    620    684
   627 :    201    202    326
   628 :    421    262    422
   629 :    200    201    388
   630 :    189    310    641
   631 :    198    199    322
   632 :    197    198    389
   633 :    187    308    645
   634 :    479    483    537
   635 :     21    709    710
   636 :    195    196    318
   637 :    194    195    392
   638 :     25     26    338
   639 :     18    711    712
   640 :    192    193    313
   641 :    183    314    649
   642 :    191    192    394
   643 :    542    540    689
   644 :    162    262    421
   645 :    189    190    310
   646 :    168    169    675
   647 :    187    188    308
   648 :    179    309    654
   649 :    185    186    305
   650 :    183    184    314
   651 :    181    182    311
   652 :    434    260    435
   653 :    179    180    309
   654 :    177    178    304
   655 :    175    302    664
   656 :    294    339    340
   657 :    175    176    302
   658 :    675    289    755
   659 :    545    255    546
   660 :    157    260    434
   661 :    618    495    619
   662 :    173    174    298
   663 :    173    298    665
   664 :    147    545    678
   665 :    550    253    551
   666 :    171    172    296
   667 :    144    550    680
   668 :    169    170    289
   669 :    148    255    545
   670 :    171    296    672
   671 :    163    164    683
   672 :    369    380    381
   673 :    145    253    550
   674 :    167    168    265
   675 :    166    167    398
   676 :    447    502    617
   677 :    459    618    684
   678 :    657    656    658
   679 :    164    165    275
   680 :    345    343    346
   681 :    457    495    618
   682 :    166    398    674
   683 :    538    677    731
   684 :    162    163    262
   685 :    161    162    421
   686 :    159    160    276
   687 :    378    629    630
   688 :     27     28    626
   689 :    565    563    567
   690 :    157    158    260
   691 :    156    157    434
   692 :    154    155    277
   693 :    152    153    256
   694 :    150    151    278
   695 :    148    149    255
   696 :    147    148    545
   697 :    145    146    253
   698 :    144    145    550
   699 :    218    732    749
   700 :    142    143    251
   701 :    158    159    690
   702 :      3     93    578
   703 :    139    140    249
   704 :    519    523    687
   705 :    683    275    754
   706 :    149    150    691
   707 :    499    514    677
   708 :    447    445    502
   709 :    519    506    523
   710 :    449    447    617
   711 :    453    451    504
   712 :    457    455    495
   713 :    107    108    250
   714 :    459    457    618
   715 :    104    105    252
   716 :    110    111    248
   717 :    101    102    254
   718 :    463    461    486
   719 :     18     19    711
   720 :     19     20    286
   721 :     22     23    291
   722 :     24     25    294
   723 :     14     15    293
   724 :     11     12    287
   725 :     16     17    292
   726 :     99    100    279
   727 :     96     97    259
   728 :    657    659    764
   729 :     94     95    280
   730 :    469    467    484
   731 :      2     34    732
   732 :    331    869    884
   733 :    489    494    705
   734 :    136    137    258
   735 :    113    114    246
   736 :    475    473    480
   737 :    595    603    679
   738 :     87     88    263
   739 :     85     86    283
   740 :    494    490    505
   741 :    598    591    637
   742 :    449    617    693
   743 :     82     83    269
   744 :    620    619    621
   745 :    453    504    694
   746 :     80     81    281
   747 :     90     91    282
   748 :    479    477    482
   749 :     78     79    285
   750 :    575    574    576
   751 :     76     77    290
   752 :    402    401    666
   753 :     74     75    295
   754 :    365    366    695
   755 :     72     73    297
   756 :     70     71    301
   757 :    134    135    300
   758 :    489    485    490
   759 :     68     69    303
   760 :     66     67    317
   761 :    106    748    757
   762 :     64     65    321
   763 :    443    442    517
   764 :    440    439    442
   765 :     61     62    312
   766 :    510    500    511
   767 :    116    117    266
   768 :     58     59    316
   769 :    552    551    553
   770 :    261      3    578
   771 :    483    482    485
   772 :     55     56    320
   773 :    478    481    487
   774 :    475    480    703
   775 :    499    509    514
   776 :     10     11    365
   777 :     52     53    323
   778 :    472    474    492
   779 :    669    671    887
   780 :    438    437    439
   781 :    466    468    496
   782 :     49     50    327
   783 :    460    462    497
   784 :    454    456    503
   785 :    514    515    528
   786 :    450    452    507
   787 :    788    547    812
   788 :    446    448    508
   789 :     46     47    329
   790 :    425    564    717
   791 :    269     83    708
   792 :    595    599    603
   793 :     43     44    331
   794 :     92      3    261
   795 :    438    540    541
   796 :    524    511    525
   797 :    118    119    325
   798 :     39     40    334
   799 :    564    566    569
   800 :    281     81    697
   801 :     83     84    708
   802 :    630    631    632
   803 :     82    269    697
   804 :    290     77    698
   805 :    483    493    537
   806 :    239    240    315
   807 :    487    488    498
   808 :     22    291    709
   809 :    513    531    532
   810 :     78    285    698
   811 :    250    579    580
   812 :    401    404    666
   813 :    254    606    607
   814 :    498    499    677
   815 :    282     91    704
   816 :     17     18    712
   817 :    259    610    611
   818 :    301     71    699
   819 :    248    589    590
   820 :     92    261    704
   821 :    370    371    372
   822 :    303     69    700
   823 :     72    297    699
   824 :    354    353    355
   825 :    590    591    592
   826 :     81     82    697
   827 :     70    301    700
   828 :    317     67    701
   829 :     77     78    698
   830 :    627    247    827
   831 :    321     65    702
   832 :    488    481    735
   833 :     68    303    701
   834 :    350    342    351
   835 :    592    595    679
   836 :    541    542    543
   837 :    372    374    375
   838 :     66    317    702
   839 :     71     72    699
   840 :     69     70    700
   841 :    356    355    358
   842 :    359    358    360
   843 :     67     68    701
   844 :     65     66    702
   845 :     91     92    704
   846 :    185    305    733
   847 :    687    523    688
   848 :    263    614    615
   849 :    239    315    716
   850 :    641    310    642
   851 :    472    492    714
   852 :    645    308    646
   853 :    568    567    577
   854 :    460    497    715
   855 :    649    314    650
   856 :    141    142    765
   857 :    654    309    655
   858 :    314    184    733
   859 :    376    377    721
   860 :    353    352    724
   861 :    366    369    695
   862 :    620    586    863
   863 :     24    294    718
   864 :     21     22    709
   865 :    312    623    624
   866 :     34     35    749
   867 :    476    743    756
   868 :    436    570    775
   869 :    337    216    707
   870 :    470    472    714
   871 :     56     57    766
   872 :    458    460    715
   873 :     23     24    718
   874 :    335    327    801
   875 :    216    217    707
   876 :    269    708    844
   877 :    279    100    738
   878 :    569    571    717
   879 :    559    765    872
   880 :    567    613    753
   881 :    511    500    735
   882 :    283     86    740
   883 :    101    254    738
   884 :    653    314    733
   885 :    564    569    717
   886 :     87    263    740
   887 :    238    239    716
   888 :    512    498    677
   889 :    343    339    720
   890 :    660    655    661
   891 :    607    608    742
   892 :    180    181    682
   893 :    176    177    685
   894 :    377    375    378
   895 :    370    367    371
   896 :    351    353    354
   897 :    630    629    631
   898 :    340    342    350
   899 :    199    200    734
   900 :    464    713    759
   901 :    399    400    401
   902 :    594    592    679
   903 :    395    833    835
   904 :    495    694    742
   905 :    422    423    424
   906 :    325    688    823
   907 :    632    631    634
   908 :    445    443    728
   909 :     73     74    719
   910 :    401    403    404
   911 :    404    405    407
   912 :    529    511    735
   913 :    770    560    836
   914 :    435    436    437
   915 :    427    428    431
   916 :      9    307    791
   917 :    424    426    427
   918 :    517    518    527
   919 :    372    371    374
   920 :    354    355    356
   921 :    546    548    549
   922 :    359    360    361
   923 :    356    358    359
   924 :    525    529    533
   925 :     45     46    723
   926 :     38     39    747
   927 :    766     57    873
   928 :    362    227    760
   929 :     42     43    752
   930 :    501    498    512
   931 :    748    585    757
   932 :    253    678    745
   933 :    254    609    738
   934 :    252    105    757
   935 :    607    742    785
   936 :    302    685    764
   937 :    623     63    786
   938 :    464    466    713
   939 :    133    134    780
   940 :    581    580    582
   941 :    593    592    594
   942 :    516    512    522
   943 :    596    594    597
   944 :    584    582    587
   945 :    313    193    638
   946 :    349    346    622
   947 :    492    474    756
   948 :    263    616    740
   949 :    497    462    759
   950 :    184    185    733
   951 :    514    528    731
   952 :    534    627    827
   953 :    265    168    675
   954 :    698    418    782
   955 :    262    163    683
   956 :    677    514    731
   957 :    260    158    690
   958 :    255    149    691
   959 :    106    107    748
   960 :    395    313    396
   961 :     30     31    284
   962 :    121    122    299
   963 :    774    249    778
   964 :    351    354    744
   965 :    131    132    324
   966 :    289    672    783
   967 :    500    488    735
   968 :    100    101    738
   969 :    791    386    796
   970 :    224    225    729
   971 :    219    220    270
   972 :    234    235    271
   973 :    237    238    274
   974 :    231    232    267
   975 :    228    229    272
   976 :    225    226    273
   977 :    222    223    268
   978 :    308    641    739
   979 :    476    478    743
   980 :    743    520    756
   981 :    130    131    726
   982 :    574    568    577
   983 :    123    124    257
   984 :     86     87    740
   985 :    129    130    264
   986 :    243    244    288
   987 :    399    265    400
   988 :    658    656    660
   989 :    126    127    247
   990 :    127    128    730
   991 :    490    485    491
   992 :    422    262    423
   993 :    309    180    682
   994 :    275    674    781
   995 :    302    176    685
   996 :    435    260    436
   997 :    274    238    716
   998 :    583    767    784
   999 :    546    255    548
  1000 :    502    445    728
  1001 :    525    511    529
  1002 :    439    437    441
  1003 :    517    442    518
  1004 :    685    657    764
  1005 :    728    517    850
  1006 :    346    343    720
  1007 :    650    314    653
  1008 :    290    698    782
  1009 :     32     33    319
  1010 :    553    551    554
  1011 :    487    498    501
  1012 :    482    703    736
  1013 :    752    331    884
  1014 :    644    279    741
  1015 :    322    199    734
  1016 :    258    137    762
  1017 :    530    515    794
  1018 :     31     32    725
  1019 :    466    496    713
  1020 :    590    592    593
  1021 :    250    580    581
  1022 :     33      2    727
  1023 :    254    607    609
  1024 :    704    261    753
  1025 :     74    295    719
  1026 :    401    400    403
  1027 :    139    249    774
  1028 :    404    403    405
  1029 :    424    423    426
  1030 :    217    218    749
  1031 :    427    426    428
  1032 :    279    738    741
  1033 :    263    615    616
  1034 :    398    399    758
  1035 :    348    347    804
  1036 :    696    361    815
  1037 :    350    351    744
  1038 :    354    357    744
  1039 :     46    329    723
  1040 :    501    512    516
  1041 :     29     30    722
  1042 :    218      6    732
  1043 :     39    334    747
  1044 :    593    594    596
  1045 :    374    371    397
  1046 :    354    356    357
  1047 :    359    361    696
  1048 :    581    582    584
  1049 :    378    630    751
  1050 :    742    694    785
  1051 :     53     54    797
  1052 :    367    287    750
  1053 :     43    331    752
  1054 :    738    609    741
  1055 :    577    567    753
  1056 :    661    655    663
  1057 :    251    680    830
  1058 :    131    324    726
  1059 :    227    228    760
  1060 :    225    273    729
  1061 :    485    482    736
  1062 :    646    308    739
  1063 :    264    130    726
  1064 :    697    269    862
  1065 :    501    516    520
  1066 :    436    260    690
  1067 :    423    262    683
  1068 :    548    255    691
  1069 :    247    127    730
  1070 :    400    265    675
  1071 :    396    313    638
  1072 :    581    584    585
  1073 :    327    335    816
  1074 :    428    426    429
  1075 :     52    323    776
  1076 :    405    403    406
  1077 :    296    665    805
  1078 :    442    439    737
  1079 :    428    429    430
  1080 :    405    406    408
  1081 :    520    516    521
  1082 :    619    495    742
  1083 :    414    415    416
  1084 :    416    417    418
  1085 :    412    413    414
  1086 :    408    409    410
  1087 :    410    411    412
  1088 :    478    487    743
  1089 :    585    584    586
  1090 :    639    248    767
  1091 :    377    378    751
  1092 :    622    346    720
  1093 :    430    429    433
  1094 :    408    406    409
  1095 :    410    409    411
  1096 :    414    413    415
  1097 :    412    411    413
  1098 :    418    417    419
  1099 :    416    415    417
  1100 :    491    485    736
  1101 :    356    359    746
  1102 :    551    253    745
  1103 :    307    695    814
  1104 :    536    299    868
  1105 :    371    367    750
  1106 :    439    441    737
  1107 :    107    250    748
  1108 :    699    297    768
  1109 :    745    547    788
  1110 :    672    296    799
  1111 :    603    736    789
  1112 :    105    106    757
  1113 :    298    664    826
  1114 :    518    442    737
  1115 :    462    464    759
  1116 :    474    476    756
  1117 :    393    766    873
  1118 :    269    844    862
  1119 :    220    221    769
  1120 :     64    321    786
  1121 :    487    501    743
  1122 :    755    289    783
  1123 :    754    275    781
  1124 :    402    666    761
  1125 :    280     95    798
  1126 :    611    728    850
  1127 :    554    551    745
  1128 :    284     31    725
  1129 :    327     50    795
  1130 :    359    696    746
  1131 :    357    356    746
  1132 :    484    467    792
  1133 :    203    335    801
  1134 :    120    121    779
  1135 :    250    581    748
  1136 :    397    371    750
  1137 :     30    284    722
  1138 :    663    652    768
  1139 :    555    557    830
  1140 :     32    319    725
  1141 :    664    302    842
  1142 :    319     33    727
  1143 :    522    774    778
  1144 :    248    590    767
  1145 :    665    298    820
  1146 :    585    586    773
  1147 :    674    398    758
  1148 :    736    703    789
  1149 :    137    138    762
  1150 :    501    520    743
  1151 :    636    272    790
  1152 :    437    436    775
  1153 :    191    394    809
  1154 :    520    521    770
  1155 :    471    469    819
  1156 :     96    259    798
  1157 :    727      2    732
  1158 :    236    383    843
  1159 :    316    396    858
  1160 :    552    555    830
  1161 :    671    692    887
  1162 :    581    585    748
  1163 :    392    393    858
  1164 :    463    486    807
  1165 :    324    780    877
  1166 :    231    267    771
  1167 :    613    432    800
  1168 :    361    360    763
  1169 :    396    316    845
  1170 :    757    585    773
  1171 :    326    202    801
  1172 :    228    272    760
  1173 :    765    251    872
  1174 :    142    251    765
  1175 :    756    520    770
  1176 :    426    423    754
  1177 :    403    400    755
  1178 :    429    426    754
  1179 :    406    403    755
  1180 :    560    770    888
  1181 :    588    681    772
  1182 :    762    138    774
  1183 :    380    274    883
  1184 :    676    669    887
  1185 :    320     56    766
  1186 :    423    683    754
  1187 :    283    740    787
  1188 :    400    675    755
  1189 :    281    697    878
  1190 :    636    632    813
  1191 :    284    349    831
  1192 :    418    419    782
  1193 :    310    190    809
  1194 :    799    296    805
  1195 :    597    594    808
  1196 :    381    384    814
  1197 :    125    627    846
  1198 :    380    379    860
  1199 :    697    862    878
  1200 :    383    373    875
  1201 :    384    386    814
  1202 :     51     52    776
  1203 :    614    686    837
  1204 :    252    757    773
  1205 :    241    242    777
  1206 :    492    756    770
  1207 :    407    708    824
  1208 :    138    139    774
  1209 :    230    231    771
  1210 :    210    332    884
  1211 :    590    593    767
  1212 :    266    117    823
  1213 :    429    754    781
  1214 :    272    229    790
  1215 :    708     84    824
  1216 :    503    456    825
  1217 :    207    330    849
  1218 :    406    755    783
  1219 :    556    496    855
  1220 :    140    141    818
  1221 :    524    525    827
  1222 :    546    549    812
  1223 :    473    471    817
  1224 :    315    777    874
  1225 :    820    298    826
  1226 :    699    768    793
  1227 :    264    726    794
  1228 :    783    672    799
  1229 :    521    516    778
  1230 :    329     47    828
  1231 :    777    385    874
  1232 :    270    220    769
  1233 :    386    288    796
  1234 :     49    327    816
  1235 :    316     59    845
  1236 :    330    723    849
  1237 :    763    636    813
  1238 :    259    611    850
  1239 :    441    437    775
  1240 :    264    794    876
  1241 :    694    504    785
  1242 :    301    699    793
  1243 :     85    283    824
  1244 :    496    468    855
  1245 :    134    300    780
  1246 :    288    244    796
  1247 :    518    575    834
  1248 :     63     64    786
  1249 :    301    793    802
  1250 :    328    205    840
  1251 :    331     44    864
  1252 :    118    325    823
  1253 :    692    278    887
  1254 :    396    638    858
  1255 :    800    432    821
  1256 :    299    687    851
  1257 :     51    776    795
  1258 :    805    665    820
  1259 :     61    312    833
  1260 :      6    727    732
  1261 :    332    752    884
  1262 :    458    715    825
  1263 :    526    730    810
  1264 :    119      4    852
  1265 :      4    120    852
  1266 :    121    299    779
  1267 :    826    664    842
  1268 :    721    233    832
  1269 :     45    723    864
  1270 :    330    208    869
  1271 :    516    522    778
  1272 :      6    348    871
  1273 :    753    613    800
  1274 :    129    264    810
  1275 :    730    128    810
  1276 :    230    771    790
  1277 :    768    652    793
  1278 :    767    593    784
  1279 :    723    330    864
  1280 :    233    234    832
  1281 :    679    603    789
  1282 :    772    596    866
  1283 :    593    596    784
  1284 :    467    465    792
  1285 :    432    431    821
  1286 :    257    536    868
  1287 :    515    539    794
  1288 :    666    404    811
  1289 :     58    316    873
  1290 :    433    429    781
  1291 :    409    406    783
  1292 :     50     51    795
  1293 :    609    607    785
  1294 :    229    230    790
  1295 :    470    714    855
  1296 :    235    236    843
  1297 :    651    650    802
  1298 :    791    796    856
  1299 :    708    407    844
  1300 :    504    693    806
  1301 :    703    480    789
  1302 :    652    651    793
  1303 :      5    133    854
  1304 :    233    721    882
  1305 :    132      5    854
  1306 :    740    616    787
  1307 :    244    245    796
  1308 :    486    684    863
  1309 :    688    325    851
  1310 :    704    753    800
  1311 :    793    651    802
  1312 :    584    587    829
  1313 :    549    548    841
  1314 :    627    535    846
  1315 :    240      7    861
  1316 :     95     96    798
  1317 :    232    233    882
  1318 :    848    617    865
  1319 :    243    288    839
  1320 :     28      1    857
  1321 :      8      9    791
  1322 :    407    405    844
  1323 :      0      8    856
  1324 :    843    383    875
  1325 :    323     53    797
  1326 :    626    722    831
  1327 :    257    124    846
  1328 :    237    274    885
  1329 :    554    745    788
  1330 :    299    122    868
  1331 :    792    465    807
  1332 :    123    257    868
  1333 :    794    539    876
  1334 :    688    523    847
  1335 :      1     29    857
  1336 :    409    783    799
  1337 :    245      0    856
  1338 :    789    480    808
  1339 :    612    644    865
  1340 :    404    407    811
  1341 :    700    301    802
  1342 :    523    605    847
  1343 :      7    241    861
  1344 :    492    770    836
  1345 :    679    789    808
  1346 :    282    704    800
  1347 :    785    504    806
  1348 :    202    203    801
  1349 :    779    299    851
  1350 :    700    802    822
  1351 :    383    236    885
  1352 :    465    463    807
  1353 :    411    409    799
  1354 :    251    830    872
  1355 :    530    794    877
  1356 :    190    191    809
  1357 :    609    785    806
  1358 :    802    650    822
  1359 :    787    666    811
  1360 :    777    242    839
  1361 :    597    808    817
  1362 :    411    799    805
  1363 :    547    546    812
  1364 :    693    617    848
  1365 :    695    381    814
  1366 :    644    848    865
  1367 :    282    800    821
  1368 :    361    763    813
  1369 :    741    609    806
  1370 :    128    129    810
  1371 :    413    411    805
  1372 :    594    679    808
  1373 :    692    671    881
  1374 :     48     49    816
  1375 :    686    282    821
  1376 :    502    612    865
  1377 :    725    319    804
  1378 :    632    634    813
  1379 :    469    484    819
  1380 :    706    503    881
  1381 :    626     28    857
  1382 :    349    622    831
  1383 :    642    310    879
  1384 :    561    803    818
  1385 :    521    778    803
  1386 :    480    473    817
  1387 :    770    521    888
  1388 :    133    780    854
  1389 :    596    597    866
  1390 :     48    816    828
  1391 :    249    140    818
  1392 :    117    118    823
  1393 :    561    560    888
  1394 :     84     85    824
  1395 :    413    805    820
  1396 :    716    874    883
  1397 :    303    700    822
  1398 :    283    787    811
  1399 :    650    653    822
  1400 :    348    804    871
  1401 :    647    646    870
  1402 :    456    458    825
  1403 :    387    271    875
  1404 :    525    534    827
  1405 :    612    502    886
  1406 :    385    777    839
  1407 :     47     48    828
  1408 :    701    838    859
  1409 :    716    315    874
  1410 :    803    249    818
  1411 :    638    392    858
  1412 :    727      6    871
  1413 :    394    395    835
  1414 :     60     61    833
  1415 :    680    552    830
  1416 :    274    860    885
  1417 :    714    492    836
  1418 :    548    692    841
  1419 :    415    413    820
  1420 :    539    526    876
  1421 :    653    648    838
  1422 :    701    303    838
  1423 :    431    428    853
  1424 :    838    648    859
  1425 :    373    387    875
  1426 :    428    430    853
  1427 :    829    486    863
  1428 :    560    558    836
  1429 :    524    827    880
  1430 :    415    820    826
  1431 :    527    518    834
  1432 :    315    240    861
  1433 :     60    833    845
  1434 :    778    249    803
  1435 :    205    206    840
  1436 :    558    714    836
  1437 :    417    415    826
  1438 :    646    702    870
  1439 :    822    653    838
  1440 :    722    626    857
  1441 :    586    584    829
  1442 :    615    614    837
  1443 :    617    502    865
  1444 :    840    206    849
  1445 :    242    243    839
  1446 :    234    271    832
  1447 :     59     60    845
  1448 :    853    430    867
  1449 :    312    624    835
  1450 :    303    822    838
  1451 :    806    693    848
  1452 :    206    207    849
  1453 :    684    620    863
  1454 :    278    676    887
  1455 :    671    706    881
  1456 :    417    826    842
  1457 :    794    726    877
  1458 :    722    284    831
  1459 :    687    688    851
  1460 :    379    383    860
  1461 :    274    716    883
  1462 :    648    647    859
  1463 :    517    527    850
  1464 :    124    125    846
  1465 :    468    470    855
  1466 :    325    119    852
  1467 :    761    616    867
  1468 :    271    235    843
  1469 :    405    408    844
  1470 :    419    417    842
  1471 :    120    779    852
  1472 :    859    647    870
  1473 :     44     45    864
  1474 :    317    701    859
  1475 :    385    382    874
  1476 :    317    859    870
  1477 :    874    382    883
  1478 :    869    209    884
  1479 :    208    209    869
  1480 :    804    319    871
  1481 :    382    380    883
  1482 :    209    210    884
  1483 :    803    561    888
  1484 :     57     58    873
  1485 :    844    408    862
  1486 :    808    480    817
  1487 :    741    806    848
  1488 :    644    741    848
  1489 :    702    317    870
  1490 :    624    623    879
  1491 :    484    772    866
  1492 :    611    612    886
  1493 :    324    132    854
  1494 :    780    324    854
  1495 :    597    819    866
  1496 :    810    264    876
  1497 :    557    559    872
  1498 :    325    779    851
  1499 :    408    410    862
  1500 :    615    853    867
  1501 :    122    123    868
  1502 :    616    615    867
  1503 :    862    410    878
  1504 :    236    237    885
  1505 :    777    315    861
  1506 :    502    728    886
  1507 :    410    412    878
  1508 :     29    722    857
  1509 :    267    232    882
  1510 :      8    791    856
  1511 :    728    611    886
  1512 :    726    324    877
  1513 :    779    325    852
  1514 :    247    730    880
  1515 :    503    841    881
  1516 :    241    777    861
  1517 :    319    727    871
  1518 :    837    431    853
  1519 :    796    245    856
  1520 :    819    484    866
  1521 :    830    557    872
  1522 :    526    810    876
  1523 :    615    837    853
  1524 :    586    829    863
  1525 :    521    803    888
  1526 :    827    247    880
  1527 :    860    383    885
  1528 :    271    843    875
  1529 :    841    692    881
Number of domains 8
  Domain :      0 
  Name : Contre poid gauche
  Number of elements :     22
     0     1     2     3     4     5     6     7     8     9
    10    11    12    13    14    15    16    17    18    19
    20    21
  Domain :      1 
  Name : Contre poid haut
  Number of elements :      6
    22    23    24    25    26    27
  Domain :      2 
  Name : Entity 2 
  Number of elements :     60
    28    29    30    31    32    33    34    35    36    37
    38    39    40    41    42    43    44    45    46    47
    48    49    50    51    52    53    54    55    56    57
    58    59    60    61    62    63    64    65    66    67
    68    69    70    71    72    73    74    75    76    77
    78    79    80    81    82    83    84    85    86    87
  Domain :      3 
  Name : Saut
  Number of elements :     28
    88    89    90    91    92    93    94    95    96    97
    98    99   100   101   102   103   104   105   106   107
   108   109   110   111   112   113   114   115
  Domain :      4 
  Name : Entity 4 
  Number of elements :     14
   116   117   118   119   120   121   122   123   124   125
   126   127   128   129
  Domain :      5 
  Name : Entity 5 
  Number of elements :     87
   130   131   132   133   134   135   136   137   138   139
   140   141   142   143   144   145   146   147   148   149
   150   151   152   153   154   155   156   157   158   159
   160   161   162   163   164   165   166   167   168   169
   170   171   172   173   174   175   176   177   178   179
   180   181   182   183   184   185   186   187   188   189
   190   191   192   193   194   195   196   197   198   199
   200   201   202   203   204   205   206   207   208   209
   210   211   212   213   214   215   216
  Domain :      6 
  Name : Contre poid droit
  Number of elements :     23
   217   218   219   220   221   222   223   224   225   226
   227   228   229   230   231   232   233   234   235   236
   237   238   239
  Domain :      7 
  Name : Contre poid bas
  Number of elements :      6
   240   241   242   243   244   245
