Size 889 
 0.0000000e+00 0.0000000e+00 2.9648711e-05
 2.4299230e-04 2.4454483e-04-1.8012354e-04
-4.6911789e-06 1.1109953e-06 0.0000000e+00
 0.0000000e+00 0.0000000e+00 0.0000000e+00
 0.0000000e+00 0.0000000e+00 0.0000000e+00
 0.0000000e+00 0.0000000e+00 0.0000000e+00
 0.0000000e+00 0.0000000e+00 0.0000000e+00
 0.0000000e+00 0.0000000e+00 0.0000000e+00
 0.0000000e+00 0.0000000e+00 0.0000000e+00
 0.0000000e+00 0.0000000e+00 2.1029796e-06
 4.3680173e-06 7.1843643e-06 1.1388236e-05
 1.8526675e-05 4.5046950e-05 5.8530836e-05
 7.0965050e-05 8.2428949e-05 9.3100462e-05
 1.0281888e-04 1.1188461e-04 1.2023164e-04
 1.2780287e-04 1.3724819e-04 1.4526186e-04
 1.5362581e-04 1.6076663e-04 1.6709762e-04
 1.7300891e-04 1.7870961e-04 1.8379903e-04
 1.8837036e-04 1.9269699e-04 1.9663926e-04
 2.0022695e-04 2.0353177e-04 2.0655106e-04
 2.0940270e-04 2.1248583e-04 2.1506498e-04
 2.1755435e-04 2.1972859e-04 2.2165682e-04
 2.2344739e-04 2.2506205e-04 2.2661579e-04
 2.2802625e-04 2.2938029e-04 2.3062502e-04
 2.3177229e-04 2.3284016e-04 2.3381884e-04
 2.3472481e-04 2.3555876e-04 2.3632499e-04
 2.3703001e-04 2.3766777e-04 2.3820995e-04
 2.3871699e-04 2.3918373e-04 2.3960587e-04
 2.3999079e-04 2.4036343e-04 2.4070711e-04
 2.4102736e-04 2.4132452e-04 2.4160216e-04
 2.4185965e-04 2.4209869e-04 2.4232526e-04
 2.4254425e-04 2.4275989e-04 2.4287489e-04
 2.4310525e-04 2.4320939e-04 2.4330703e-04
 2.4339858e-04 2.4348245e-04 2.4356035e-04
 2.4363453e-04 2.4370597e-04 2.4377600e-04
 2.4384683e-04 2.4392211e-04 2.4400978e-04
 2.4400893e-04 2.4402070e-04 2.4403851e-04
 2.4405835e-04 2.4407863e-04 2.4409886e-04
 2.4411935e-04 2.4414079e-04 2.4416415e-04
 2.4419074e-04 2.4422204e-04 2.4426138e-04
 2.4431673e-04 2.4439295e-04 2.4450213e-04
 2.1404311e-04 1.8363124e-04 1.5326707e-04
 1.2292647e-04 9.2604289e-05 6.2301263e-05
 3.2028972e-05 1.7199666e-06-2.8632311e-05
-5.8952709e-05-8.9256476e-05-1.1954842e-04
-1.4983657e-04-1.8012231e-04-1.8011322e-04
-1.8008360e-04-1.8013916e-04-1.8019058e-04
-1.8024435e-04-1.8029498e-04-1.8034164e-04
-1.8038515e-04-1.8042586e-04-1.8046482e-04
-1.8050214e-04-1.8053772e-04-1.8057118e-04
-1.8060188e-04-1.8062891e-04-1.8065098e-04
-1.8066558e-04-1.8066677e-04-1.8065003e-04
-1.8072162e-04-1.8077286e-04-1.8081199e-04
-1.8084267e-04-1.8086625e-04-1.8088267e-04
-1.8089156e-04-1.8089170e-04-1.8088091e-04
-1.8085730e-04-1.8081890e-04-1.8076466e-04
-1.8069366e-04-1.8060213e-04-1.8048646e-04
-1.8033603e-04-1.8026488e-04-1.8015687e-04
-1.8002237e-04-1.7987496e-04-1.7971458e-04
-1.7952514e-04-1.7929778e-04-1.7903523e-04
-1.7872351e-04-1.7836242e-04-1.7794769e-04
-1.7747220e-04-1.7692872e-04-1.7630997e-04
-1.7560853e-04-1.7492164e-04-1.7412888e-04
-1.7325804e-04-1.7228813e-04-1.7118950e-04
-1.7003493e-04-1.6878013e-04-1.6723447e-04
-1.6559555e-04-1.6380503e-04-1.6170099e-04
-1.5941767e-04-1.5718415e-04-1.5493741e-04
-1.5229452e-04-1.4942016e-04-1.4628740e-04
-1.4284391e-04-1.3903043e-04-1.3483681e-04
-1.3027768e-04-1.2541378e-04-1.1967667e-04
-1.1342126e-04-1.0694914e-04-9.9474940e-05
-9.0985293e-05-8.4048339e-05-7.7214031e-05
-6.9622242e-05-6.1119115e-05-5.1865691e-05
-4.1560425e-05-3.0230932e-05-1.7768643e-05
-1.0311985e-06-1.0454654e-06-9.2780406e-07
-6.3654139e-07-4.2536277e-07-1.7085593e-07
 9.2068788e-08 3.0406031e-07 4.6126985e-07
 5.6366217e-07 6.5112513e-07 7.2987935e-07
 8.0670241e-07 8.8494113e-07 9.7013319e-07
 1.0478143e-06 1.1622527e-06 1.0959005e-06
 1.0875863e-06 1.0881602e-06 1.0952771e-06
 1.1050427e-06 9.3408932e-07 7.5377167e-07
 5.7014464e-07 3.8351187e-07 1.9367753e-07
 2.1177281e-04 1.5543116e-05 2.1110611e-04
-1.5101536e-04 2.0903908e-04-1.4798671e-04
 2.0626093e-04-1.4432589e-04 2.0329600e-04
-1.4173028e-04-1.3650385e-04 1.0806680e-04
-1.5089573e-04 1.9063366e-04-1.3222010e-04
 1.9059664e-04-1.2582088e-04 1.8388642e-04
-7.4295777e-05-1.1836466e-04 2.2037712e-04
 7.1827692e-07-8.7540870e-07 1.7817508e-04
-1.7758370e-06 9.6358701e-07 4.9610147e-07
 6.8720729e-08 9.2972982e-07-1.2337903e-04
-1.2693102e-04-1.3420237e-04-1.4236949e-04
 2.0067680e-04 1.9500391e-04 1.5566332e-04
 1.8844697e-04 1.8445446e-04 4.0454472e-06
 1.6348272e-04 1.3203815e-08 2.1495626e-07
 5.0110004e-07-1.1553885e-04 1.6264954e-04
-2.6780692e-07 1.2868832e-07 1.6738457e-07
-4.7995739e-07 1.5144101e-04-1.1237195e-04
 1.5334777e-04-1.0961986e-04 1.6692416e-04
-1.5094011e-04 1.5096681e-04-1.0551446e-04
 1.4551940e-04-9.9369106e-05-8.0461197e-05
 1.5461162e-08 1.8595108e-07-7.4725115e-05
-9.4253405e-05-5.7622686e-05-9.0247137e-05
 1.2513138e-04-5.9985600e-05-8.6166199e-05
 9.6124259e-07 1.1887092e-04 1.3592338e-04
-4.5813573e-05 7.9539822e-06 8.4965907e-05
 1.2955126e-04-3.6504252e-05 8.3028860e-05
-1.3420502e-04 2.1730337e-04-3.0542438e-05
 7.8735119e-05-2.4770213e-05 6.2991496e-05
-1.7646478e-05 4.2868295e-05 8.9162503e-06
 1.7829702e-05 1.8605842e-05-2.7810337e-05
 1.7037954e-05 1.5226022e-05-4.0177380e-07
-9.3933946e-07-8.4158895e-07-1.2568577e-06
-9.7716008e-07-1.3387803e-06-1.5815757e-06
-1.6622989e-06-9.1662918e-07-1.2181479e-06
-2.2512603e-06 1.4445660e-06-6.3104083e-07
-6.5001252e-07-8.5035767e-07-5.0372958e-07
-3.5864103e-07-1.8496952e-07-9.7775888e-08
-1.9889652e-07 1.0770514e-07 8.0768181e-08
 2.2399887e-07 1.8273762e-07 2.7262525e-07
-1.2499312e-06-1.2594691e-06 1.8944192e-07
 3.8769973e-07 4.4724277e-07 5.8975752e-07
 5.5771385e-07 5.8987999e-07 3.9041830e-07
 5.5590965e-07 7.4510671e-07 3.5504279e-07
 5.0567592e-07 7.1595593e-07 6.4769450e-07
 4.5126132e-07 7.3857902e-07 7.3348027e-07
 5.4964486e-07 6.9286187e-07 9.1589607e-07
 5.3727302e-07 6.7406990e-07 3.7418150e-07
 7.6026495e-07-3.1482145e-05-3.9118693e-05
 8.4048716e-05-2.7945772e-05-5.8477941e-05
 4.5891757e-05-6.7178806e-05 3.8533365e-05
 3.6612271e-05 1.8540863e-07-1.1993852e-04
-5.7986749e-05-5.5546593e-05 5.2191343e-06
-1.4527545e-07 7.4225871e-06 6.7316892e-05
 6.8122281e-05 9.0119429e-06 1.2429317e-04
 7.3399388e-05 9.6881942e-06 7.5979118e-05
 1.0782269e-05 7.8613613e-05 1.1894810e-05
 8.1287692e-05 1.3025208e-05 8.4005935e-05
 1.4174217e-05 8.7335010e-05 2.2912005e-05
 1.6052387e-04-1.2587067e-04-7.1253933e-05
-7.0011881e-05-1.5729592e-05-1.7502634e-05
-1.4164874e-05 4.0576964e-05 4.0286227e-05
-1.3227748e-05 4.1911133e-05 9.0222941e-05
 9.1639990e-05-6.4649834e-06-1.3227846e-04
-8.3924513e-05-8.1249885e-05-3.4699794e-05
-3.6390883e-05 1.2012382e-05 1.0391805e-05
 1.4111883e-05 5.8513762e-05 5.6300109e-05
 8.7002234e-06 5.4154823e-05 7.8972298e-06
 5.2318078e-05 5.8770629e-06 5.0725891e-05
 6.0732949e-06 4.8717827e-05 5.5486953e-06
 4.6906600e-05 4.8065667e-06 4.5131416e-05
 5.9688186e-06 4.3584084e-05 5.6099014e-06
 4.1880857e-05 3.4983243e-06 4.0245067e-05
 2.7680345e-06 3.7481432e-05 1.7363405e-06
 3.5586317e-05 9.2641542e-07 3.4388082e-05
 1.9882855e-06 3.3450325e-05 1.7518915e-06
 3.8861873e-05-2.9176693e-07 3.1019391e-05
-1.2225089e-06 2.9621356e-05-2.3971696e-06
 2.8185017e-05-2.7390623e-06 2.6944279e-05
 5.9921858e-05-3.6133163e-06 5.7755857e-05
 5.6566176e-05 7.1514512e-05 8.6734191e-05
 7.5896641e-05-3.2940921e-05-3.3919779e-05
 8.5543563e-05 1.1599355e-04 1.1743704e-04
-3.1084053e-05 5.4444141e-05 1.1431073e-04
 8.3684548e-05-3.5191730e-05-3.4475199e-05
-6.2845026e-05-6.3246713e-05-3.4988496e-05
-6.2331389e-05 9.9721000e-05-3.5924060e-05
 8.8145037e-05 1.4592813e-04 1.4325052e-04
-3.8527833e-05-4.0421534e-05-6.3833505e-05
-3.5846395e-05-7.2652231e-06-9.2305915e-05
 1.1355658e-04-9.2023086e-05-9.2084251e-05
-9.1787700e-05 1.0292175e-04 1.0760197e-04
 1.4071785e-04-6.2004952e-05-9.2527663e-05
-1.2194642e-04 1.6931664e-04-5.8177971e-06
 2.0527189e-05-3.2864872e-05 1.5593080e-04
-1.2107291e-04 2.1303031e-05-1.2141059e-04
 1.1022614e-04 8.0271235e-05 5.1471216e-05
 4.9286877e-05 7.8933499e-05 1.3870491e-04
 2.4929282e-05-1.2184297e-04-6.2329624e-05
-3.7758643e-05-8.4438741e-05-8.6104397e-05
-1.3311074e-04-8.7780447e-05-1.4223334e-04
-1.0456644e-04-1.0723480e-04-1.0382329e-04
-6.4276000e-05-1.4488317e-04-1.0900757e-04
-1.1049660e-04-7.4129373e-05-7.2775200e-05
-7.9887684e-05-5.5606522e-05-9.1590915e-05
-7.1105589e-05-1.0709748e-04-8.6861519e-05
-1.1873085e-04 3.7807968e-05 3.5367362e-05
-1.8912312e-05 3.2560751e-05-2.2241589e-05
 8.6074059e-05 8.2664492e-05-7.2822353e-05
-7.7748232e-05-1.2649437e-04 2.5774088e-05
 7.3849865e-05 1.3211384e-04 1.1723717e-04
 1.8185336e-04 1.3722341e-04 1.8797815e-04
 2.0904675e-04 1.7420207e-04 1.7419775e-04
 1.3908048e-04 1.7610013e-04 1.4014507e-04
 1.7400942e-04 1.3862610e-04 1.0289368e-04
 1.0434323e-04 2.1141192e-04 1.7937178e-04
 1.7921150e-04 1.4757188e-04 1.4745108e-04
 1.1641971e-04 1.4781287e-04 1.1525871e-04
 8.2212629e-05 1.7920871e-04 1.4815383e-04
 1.7935987e-04 2.1097601e-04 1.7819760e-04
 1.1777419e-04 1.4751154e-04 1.7255677e-04
 2.0325128e-04 1.6368095e-04 1.6205748e-04
 1.6280324e-04 1.9640752e-04 1.5208886e-04
 1.5169854e-04 8.8976714e-05 1.8570691e-04
 1.3413720e-04 1.2579293e-04 9.1982547e-05
 8.1380039e-05 1.2125626e-04 1.2164530e-04
 1.6446125e-04 3.9914398e-07 1.2719509e-04
 1.8889620e-05-1.5052906e-04 7.3811985e-07
 4.8311162e-05 3.1974661e-07 2.8786758e-07
 3.9883591e-07 2.4000233e-07 3.4293373e-07
 4.9357562e-07 2.1195288e-07 1.5004685e-07
 4.2626078e-07 2.1165287e-04-6.5458907e-05
 2.1058443e-04 2.0398803e-04-6.9934243e-05
 1.3528957e-05 1.9861738e-04 1.6138237e-04
-7.7430629e-05 2.0348547e-05 7.8179444e-06
 5.4410245e-06-8.6794569e-05 5.7958092e-07
-4.2692165e-06-7.5531812e-06-3.1339054e-06
-9.6229621e-05-1.3734560e-05-1.8517290e-05
-2.2598942e-05 5.9134575e-05 5.8372305e-05
 6.3112205e-05 7.0664544e-05 1.4311069e-04
-9.5108127e-06-1.0925310e-04-1.1199548e-04
 6.3622482e-05-1.3493530e-04-9.0897262e-05
-9.2300390e-05-4.5284823e-05-7.5154506e-05
-1.1449554e-04 2.0880546e-04-1.2222837e-04
-1.1727301e-04-1.3741048e-04-9.2155686e-05
-1.4385432e-04 1.1747453e-04-1.4654119e-04
 1.4057285e-04-9.2650538e-05-1.2486452e-04
 7.8216032e-05-1.0323794e-04 1.8955078e-04
 1.6719841e-04 1.9480900e-04-3.9410259e-05
-1.2998464e-04-1.4149031e-04-1.0245896e-04
 8.9149436e-05 8.5597003e-05 3.7401823e-07
 7.4540376e-08 1.7466118e-04 1.6362051e-04
 1.5275540e-04 1.5117835e-04 1.4170655e-04
 1.3308506e-04 5.8746807e-05 1.9070647e-04
 8.4035780e-05-3.4390510e-05 1.4304053e-05
 1.8258177e-04-1.5094064e-07-5.7959170e-08
 5.8301112e-08 1.0956539e-07-3.3960981e-05
-3.3875767e-05-3.2288393e-05 9.4872236e-07
-7.2141090e-05-3.9068096e-07 1.5319048e-04
-7.0284089e-07 8.1170486e-07 2.2616969e-06
 6.6344506e-05-5.5269333e-07 5.6643779e-06
-1.0463391e-04 1.0915298e-05 1.0049227e-04
-2.2026619e-07-1.4399827e-05-1.2142418e-04
 1.3329140e-05-8.5543327e-05-3.3237767e-05
-6.0658064e-06 8.7904875e-05 6.3887707e-05
 2.0258662e-04 2.1753994e-05 1.8392451e-04
 1.6379645e-04 1.2369504e-04-3.2387349e-05
-4.0288449e-07-1.0840526e-04-3.9947459e-08
 1.6998251e-05 2.0903151e-04 1.3792677e-05
 2.1607684e-07 5.5793389e-07 5.5783047e-05
 1.3950118e-04-6.8629628e-05-5.3818167e-05
-3.1830803e-05 2.0841949e-04-6.2638717e-05
-3.3558790e-05 3.9869484e-07 6.2706186e-05
-1.5184548e-04 3.3272331e-07-2.9861210e-05
-1.4362680e-04 8.8279999e-05 1.7881255e-04
 7.1877878e-05-1.6278409e-06-6.5727954e-05
 6.4893714e-07 1.0898129e-04 1.7319230e-04
-1.5212950e-04-2.9340713e-05 8.3987362e-05
 8.3395834e-07-1.2169632e-04 1.9911632e-04
-1.4919275e-04-6.6091938e-05 9.8986062e-05
-5.2183964e-05 1.4452935e-04 1.2513903e-04
 1.1151468e-04 1.2538698e-04-7.3238583e-05
 8.8508490e-05 5.7554905e-07 1.7772651e-07
 6.9369468e-05 7.2300850e-05-9.0781876e-05
 7.6831028e-05 2.9383569e-07 8.2187552e-05
 2.0565351e-04-5.0897566e-05 1.4138425e-04
-2.9556126e-05 7.2991901e-05-1.2227530e-04
 1.9463354e-06-4.9373795e-05 1.2624091e-04
 6.4245074e-05 8.8342132e-05-7.5867699e-05
-4.4209379e-05 1.2623560e-04-7.1837871e-05
 2.6967951e-07 3.8607893e-07 1.3663484e-07
 7.9879609e-05 6.0071502e-05-1.5115037e-04
 6.3512688e-05-4.8084782e-05 1.3923739e-04
 7.3261604e-05 2.1870089e-04 1.8331868e-04
-2.4182101e-05-4.6483735e-05 2.2703856e-05
 6.8725202e-05 1.1316263e-04-1.1542855e-04
 1.6754690e-06 8.9204127e-07 1.3733936e-04
 1.5036213e-04 3.0075610e-05-5.7820844e-05
 1.3764392e-04 7.3218202e-05 6.6143929e-07
-3.6404399e-05-7.4713590e-05-4.2336785e-05
 1.0084171e-06 1.2087145e-04 1.3777278e-04
 7.7596558e-05 1.9335932e-04 1.2669570e-04
-3.4098089e-05 1.4328125e-04 1.9029139e-04
 2.2241451e-04 8.8737506e-05-1.5869624e-04
-2.3567638e-05 1.3304525e-07 1.1363510e-06
 1.4834448e-05 7.3503374e-05 8.6641210e-07
 9.8226781e-07 1.2110264e-04 1.0629271e-04
 8.2506310e-05 1.2714028e-04 9.0683457e-05
 8.8228794e-05 1.3804281e-04-4.4088392e-05
 7.6206771e-05 2.0481138e-06-1.2114566e-04
 1.4011191e-04 8.1572686e-07 8.7157089e-07
-5.8404378e-05-1.2004692e-04 1.1903991e-04
 4.1316713e-05-2.9665544e-06-6.5259572e-05
 8.0095884e-07 8.1924966e-07-3.2741990e-05
 9.7961233e-07 1.2605399e-04-1.1244481e-04
-9.7916518e-05
